INT	INT	INT	STRING	INT	INT	INT
Index	有效期(小时)	传输颜色	附加属性描述$1$	是否显示	元宝交易类型:0可元宝交易，1不可元宝交易，2即可元宝交易也可金币交易	卖店是否获得交子，1获得交子，0获得金币
10124009	-1	2005	-1	0	1	0
10124010	-1	2005	-1	0	1	0
10124011	-1	2005	-1	0	1	0
10124012	-1	2005	-1	0	1	0
10124013	-1	2005	-1	0	1	0
10124014	-1	2005	-1	0	1	0
10124015	-1	2005	-1	0	1	0
10124016	-1	2005	-1	0	1	0
10124017	-1	2005	-1	0	1	0
10124018	720	2005	-1	0	1	0
10124019	720	2005	-1	0	1	0
10124020	2160	2005	-1	0	1	0
10124021	2160	2005	-1	0	1	0
10124022	720	2005	-1	0	1	0
10124023	720	2005	-1	0	1	0
10124024	720	2005	-1	0	1	0
10124025	720	2005	-1	0	1	0
10124026	2160	2005	-1	0	1	0
10124027	2160	2005	-1	0	1	0
10124030	2160	2005	-1	0	1	0
10124031	2160	2005	-1	0	1	0
10124032	2160	2005	-1	0	1	0
10124033	2160	2005	-1	0	1	0
10124034	2160	2005	-1	0	1	0
10124035	-1	2005	-1	0	1	0
10124036	-1	2005	-1	0	1	0
10124039	-1	2005	-1	0	1	0
10124040	-1	2005	-1	0	1	0
10124041	-1	2005	-1	0	1	0
10124042	-1	2005	-1	0	1	0
10124043	720	2005	-1	0	1	0
10124044	720	2005	-1	0	1	0
10124045	720	2005	-1	0	1	0
10124046	720	2005	-1	0	1	0
10124047	720	2005	-1	0	1	0
10124048	720	2005	-1	0	1	0
10124049	720	2005	-1	0	1	0
10124050	720	2005	-1	0	1	0
10124051	2160	2005	-1	0	1	0
10124052	2160	2005	-1	0	1	0
10124053	2160	2005	-1	0	1	0
10124054	2160	2005	-1	0	1	0
10124055	2160	2005	-1	0	1	0
10124056	2160	2005	-1	0	1	0
10124057	2160	2005	-1	0	1	0
10124058	2160	2005	-1	0	1	0
10124059	-1	2005	-1	0	1	0
10124060	-1	2005	-1	0	1	0
10124061	-1	2005	-1	0	1	0
10124062	-1	2005	-1	0	1	0
10124063	-1	2005	-1	0	1	0
10124064	-1	2005	-1	0	1	0
10124065	-1	2005	-1	0	1	0
10124066	-1	2005	-1	0	1	0
10124067	720	2005	-1	0	1	0
10124068	2160	2005	-1	0	1	0
10124069	-1	2005	-1	0	1	0
10124070	720	2005	-1	0	1	0
10124071	720	2005	-1	0	1	0
10124072	-1	2005	-1	0	1	0
10124073	720	2005	-1	0	1	0
10124074	2160	2005	-1	0	1	0
10124075	-1	2005	-1	0	1	0
10124076	720	2005	-1	0	1	0
10124077	720	2005	-1	0	1	0
10124078	720	2005	-1	0	1	0
10124079	720	2005	-1	0	1	0
10124080	720	2005	-1	0	1	0
10124081	720	2005	-1	0	1	0
10124082	1440	2005	-1	0	1	0
10124083	720	2005	-1	0	1	0
10124084	2160	2005	-1	0	1	0
10124085	-1	2005	-1	0	1	0
10124086	4320	2005	-1	0	1	0
10124087	2160	2005	-1	0	1	0
10124088	2160	2005	-1	0	1	0
10124089	720	2005	-1	0	1	0
10124090	2160	2005	-1	0	1	0
10124091	-1	2005	-1	0	1	0
10124092	720	2005	-1	0	1	0
10124093	2160	2005	-1	0	1	0
10124094	-1	2005	-1	0	1	0
10124095	720	2005	-1	0	1	0
10124096	2160	2005	-1	0	1	0
10124097	-1	2005	-1	0	1	0
10124098	720	2005	-1	0	1	0
10124099	2160	2005	-1	0	1	0
10124100	-1	2005	-1	0	1	0
10124101	720	2005	-1	0	1	0
10124102	2160	2005	-1	0	1	0
10124103	-1	2005	-1	0	1	0
10124104	720	2005	-1	0	1	0
10124105	2160	2005	-1	0	1	0
10124106	-1	2005	-1	0	1	0
10124107	720	2005	-1	0	1	0
10124108	2160	2005	-1	0	1	0
10124109	-1	2005	-1	0	1	0
10124110	2160	2005	-1	0	1	0
10124111	168	2005	-1	0	1	0
10124112	720	2005	-1	0	1	0
10124113	-1	2005	-1	0	1	0
10124114	-1	2005	-1	0	1	0
10124115	-1	2005	-1	0	1	0
10124116	-1	2005	-1	0	1	0
10124117	-1	2005	-1	0	1	0
10124118	-1	2005	-1	0	1	0
10124119	-1	2005	-1	0	1	0
10124120	-1	2005	-1	0	1	0
10124121	-1	2005	-1	0	1	0
10124122	24	2005	-1	0	1	0
10124123	24	2005	-1	0	1	0
10124124	720	2005	-1	0	1	0
10124125	2160	2005	-1	0	1	0
10124126	-1	2005	-1	0	1	0
10124127	720	2005	-1	0	1	0
10124128	2160	2005	-1	0	1	0
10124129	-1	2005	-1	0	1	0
10124130	720	2005	-1	0	1	0
10124131	720	2005	-1	0	1	0
10124132	2160	2005	-1	0	1	0
10124133	-1	2005	-1	0	1	0
10124134	720	2005	-1	0	1	0
10124135	720	2005	-1	0	1	0
10124136	2160	2005	-1	0	1	0
10124137	-1	2005	-1	0	1	0
10124138	720	2005	-1	0	1	0
10124139	2160	2005	-1	0	1	0
10124140	-1	2005	-1	0	1	0
10124141	168	2005	-1	0	1	0
10124142	720	2005	-1	0	1	0
10124143	720	2005	-1	0	1	0
10124144	720	2005	-1	0	1	0
10124145	720	2005	-1	0	1	0
10124146	720	2005	-1	0	1	0
10124147	720	2005	-1	0	1	0
10124148	720	2005	-1	0	1	0
10124149	720	2005	-1	0	1	0
10124150	720	2005	-1	0	1	0
10124151	720	2005	-1	0	1	0
10124152	72	2005	-1	0	1	0
10124153	168	2005	-1	0	1	0
10124154	720	2005	-1	0	1	0
10124155	2160	2005	-1	0	1	0
10124156	-1	2005	-1	0	1	0
10124157	168	2005	-1	0	1	0
10124158	240	2005	-1	0	1	0
10124159	240	2005	-1	0	1	0
10124160	240	2005	-1	0	1	0
10124161	168	2005	-1	0	1	0
10124162	720	2005	-1	0	1	0
10124163	2160	2005	-1	0	1	0
10124164	-1	2005	-1	0	1	0
10124165	24	2005	-1	0	1	0
10124166	24	2005	-1	0	1	0
10124167	24	2005	-1	0	1	0
10124168	24	2005	-1	0	1	0
10124169	24	2005	-1	0	1	0
10124170	24	2005	-1	0	1	0
10124171	24	2005	-1	0	1	0
10124172	72	2005	-1	0	1	1
10124173	720	2005	-1	0	1	0
10124174	2160	2005	-1	0	1	0
10124175	-1	2005	-1	0	1	0
10124176	720	2005	-1	0	1	0
10124177	2160	2005	-1	0	1	0
10124178	-1	2005	-1	0	1	0
10124179	72	2005	-1	0	1	0
10124180	720	2005	-1	0	1	0
10124181	336	2005	-1	0	1	0
10124182	336	2005	-1	0	1	0
10124187	168	2005	-1	0	1	0
10124188	720	2005	-1	0	1	0
10124189	2160	2005	-1	0	1	0
10124190	-1	2005	-1	0	1	0
10124192	168	2005	-1	0	1	0
10124193	168	2005	-1	0	1	0
10124194	720	2005	-1	0	1	0
10124195	2160	2005	-1	0	1	0
10124196	-1	2005	-1	0	1	0
10124197	72	2005	-1	0	1	0
10124199	-1	2005	-1	0	1	0
10124200	-1	2005	-1	0	1	0
10124207	720	2005	-1	0	1	0
10124208	2160	2005	-1	0	1	0
10124209	-1	2005	-1	0	1	0
10124210	168	2005	-1	0	1	0
10124211	168	2005	-1	0	1	0
10124212	168	2005	-1	0	1	0
10124213	168	2005	-1	0	1	0
10124214	168	2005	-1	0	1	0
10124215	720	2005	-1	0	1	0
10124216	720	2005	-1	0	1	0
10124217	72	2005	-1	0	1	0
10124218	72	2005	-1	0	1	0
10124219	72	2005	-1	0	1	0
10124220	72	2005	-1	0	1	0
10124221	72	2005	-1	0	1	0
10124222	72	2005	-1	0	1	0
10124223	72	2005	-1	0	1	0
10124224	72	2005	-1	0	1	0
10124225	72	2005	-1	0	1	0
10124226	72	2005	-1	0	1	0
10124227	72	2005	-1	0	1	0
10124228	72	2005	-1	0	1	0
10124229	360	2005	-1	0	1	0
10124230	360	2005	-1	0	1	0
10124231	360	2005	-1	0	1	0
10124232	720	2005	-1	0	1	0
10124233	2160	2005	-1	0	1	0
10124234	-1	2005	-1	0	1	0
10124235	24	2005	-1	0	1	0
10124236	168	2005	-1	0	1	0
10124237	720	2005	-1	0	1	0
10124238	2160	2005	-1	0	1	0
10124239	-1	2005	-1	0	1	0
10124240	360	2005	-1	0	1	0
10124241	720	2005	-1	0	1	0
10124242	360	2005	-1	0	1	0
10124243	720	2005	-1	0	1	0
10124244	360	2005	-1	0	1	0
10124245	720	2005	-1	0	1	0
10124246	72	2005	-1	0	1	0
10124247	168	2005	-1	0	1	0
10124248	168	2005	-1	0	1	0
10124249	720	2005	-1	0	1	0
10124250	720	2005	-1	0	1	0
10124251	24	2005	-1	0	1	0
10124252	24	2005	-1	0	1	0
10124253	24	2005	-1	0	1	0
10124254	24	2005	-1	0	1	0
10124255	24	2005	-1	0	1	0
10124256	168	2005	-1	0	1	0
10124257	24	2005	-1	0	1	0
10124258	24	2005	-1	0	1	0
10124259	24	2005	-1	0	1	0
10124260	24	2005	-1	0	1	0
10124261	24	2005	-1	0	1	0
10124262	24	2005	-1	0	1	0
10124263	24	2005	-1	0	1	0
10124264	24	2005	-1	0	1	0
10124265	24	2005	-1	0	1	0
10124266	24	2005	-1	0	1	0
10124267	24	2005	-1	0	1	0
10124268	720	2005	-1	0	1	0
10124269	2160	2005	-1	0	1	0
10124270	-1	2005	-1	0	1	0
10124271	720	2005	-1	0	1	0
10124272	2160	2005	-1	0	1	0
10124273	-1	2005	-1	0	1	0
10124274	720	2005	-1	0	1	0
10124275	2160	2005	-1	0	1	0
10124276	-1	2005	-1	0	1	0
10124277	720	2005	-1	0	1	0
10124278	2160	2005	-1	0	1	0
10124279	-1	2005	-1	0	1	0
10124280	720	2005	-1	0	1	0
10124281	2160	2005	-1	0	1	0
10124282	-1	2005	-1	0	1	0
10124283	720	2005	-1	0	1	0
10124284	2160	2005	-1	0	1	0
10124285	-1	2005	-1	0	1	0
10124286	360	2005	-1	0	1	0
10124287	168	2005	-1	0	1	0
10124288	720	2005	-1	0	1	0
10124289	2160	2005	-1	0	1	0
10124290	-1	2005	-1	0	1	0
10124291	168	2005	-1	0	1	0
10124292	720	2005	-1	0	1	0
10124293	2160	2005	-1	0	1	0
10124294	-1	2005	-1	0	1	0
10124295	360	2005	-1	0	1	0
10124296	720	2005	-1	0	1	0
10124297	720	2005	-1	0	1	0
10124298	72	2005	-1	0	1	0
10124299	72	2005	-1	0	1	0
10124300	168	2005	-1	0	1	0
10124301	168	2005	-1	0	1	0
10124302	720	2005	-1	0	1	0
10124303	720	2005	-1	0	1	0
10124304	2160	2005	-1	0	1	0
10124305	-1	2005	-1	0	1	0
10124306	2160	2005	-1	0	1	0
10124307	2160	2005	-1	0	1	0
10124308	168	2005	-1	0	1	0
10124309	168	2005	-1	0	1	0
10124310	720	2005	-1	0	1	0
10124311	2160	2005	-1	0	1	0
10124312	-1	2005	-1	0	1	0
10124313	168	2005	-1	0	1	0
10124314	168	2005	-1	0	1	0
10124315	720	2005	-1	0	1	0
10124316	2160	2005	-1	0	1	0
10124317	-1	2005	-1	0	1	0
10124318	-1	2005	-1	0	1	0
10124319	720	2005	-1	0	1	0
10124320	720	2005	-1	0	1	0
10124321	720	2005	-1	0	1	0
10124322	-1	2005	-1	0	1	0
10124323	-1	2005	-1	0	1	0
10124324	-1	2005	-1	0	1	0
10124325	-1	2005	-1	0	1	0
10124326	-1	2005	-1	0	1	0
10124327	-1	2005	-1	0	1	0
10124328	-1	2005	-1	0	1	0
10124329	-1	2005	-1	0	1	0
10124330	-1	2005	-1	0	1	0
10124331	-1	2005	-1	0	1	0
10124332	168	2005	-1	0	1	0
10124333	720	2005	-1	0	1	0
10124334	2160	2005	-1	0	1	0
10124335	-1	2005	-1	0	1	0
10124336	168	2005	-1	0	1	0
10124337	168	2005	-1	0	1	0
10124338	360	2005	-1	0	1	0
10124339	720	2005	-1	0	1	0
10124340	720	2005	-1	0	1	0
10124341	720	2005	-1	0	1	0
10124342	720	2005	-1	0	1	0
10124343	168	2005	-1	0	1	0
10124344	720	2005	-1	0	1	0
10124345	2160	2005	-1	0	1	0
10124346	-1	2005	-1	0	1	0
10124347	168	2005	-1	0	1	0
10124348	720	2005	-1	0	1	0
10124349	2160	2005	-1	0	1	0
10124350	-1	2005	-1	0	1	0
10124351	168	2005	-1	0	1	0
10124352	720	2005	-1	0	1	0
10124353	2160	2005	-1	0	1	0
10124354	168	2005	-1	0	1	0
10124355	720	2005	-1	0	1	0
10124356	2160	2005	-1	0	1	0
10124357	-1	2005	-1	0	1	0
10124358	-1	2005	-1	0	1	0
10124359	-1	2005	-1	0	1	0
10124360	168	2005	-1	0	1	0
10124361	720	2005	-1	0	1	0
10124362	2160	2005	-1	0	1	0
10124363	168	2005	-1	0	1	0
10124364	720	2005	-1	0	1	0
10124365	2160	2005	-1	0	1	0
10124366	720	2005	-1	0	1	0
10124367	720	2005	-1	0	1	0
10124368	720	2005	-1	0	1	0
10124369	720	2005	-1	0	1	0
10124370	72	2005	-1	0	1	0
10124371	168	2005	-1	0	1	0
10124372	360	2005	-1	0	1	0
10124373	72	2005	-1	0	1	0
10124374	168	2005	-1	0	1	0
10124375	360	2005	-1	0	1	0
10124376	168	2005	-1	0	1	0
10124377	720	2005	-1	0	1	0
10124378	2160	2005	-1	0	1	0
10124379	-1	2005	-1	0	1	0
10141000	-1	2005	-1	0	1	0
10141003	-1	2005	-1	0	1	0
10141041	2160	2005	-1	0	1	0
10141042	840	2005	-1	0	1	0
10141043	2160	2005	-1	0	1	0
10141044	2160	2005	-1	0	1	0
10141045	2160	2005	-1	0	1	0
10141046	2160	2005	-1	0	1	0
10141047	2160	2005	-1	0	1	0
10141048	2160	2005	-1	0	1	0
10141049	2160	2005	-1	0	1	0
10141052	-1	2005	-1	0	1	0
10141053	-1	2005	-1	0	1	0
10141054	-1	2005	-1	0	1	0
10141055	-1	2005	-1	0	1	0
10141056	-1	2005	-1	0	1	0
10141057	-1	2005	-1	0	1	0
10141058	-1	2005	-1	0	1	0
10141059	-1	2005	-1	0	1	0
10141060	2160	2005	-1	0	1	0
10141061	2160	2005	-1	0	1	0
10141062	2160	2005	-1	0	1	0
10141063	2160	2005	-1	0	1	0
10141064	2160	2005	-1	0	1	0
10141065	2160	2005	-1	0	1	0
10141066	-1	2005	-1	0	1	0
10141067	-1	2005	-1	0	1	0
10141068	-1	2005	-1	0	1	0
10141069	-1	2005	-1	0	1	0
10141070	-1	2005	-1	0	1	0
10141071	-1	2005	-1	0	1	0
10141072	4320	2005	-1	0	1	0
10141073	4320	2005	-1	0	1	0
10141074	4320	2005	-1	0	1	0
10141075	4320	2005	-1	0	1	0
10141076	4320	2005	-1	0	1	0
10141077	4320	2005	-1	0	1	0
10141078	4320	2005	-1	0	1	0
10141079	4320	2005	-1	0	1	0
10141080	4320	2005	-1	0	1	0
10141081	2160	2005	-1	0	1	0
10141082	4320	2005	-1	0	1	0
10141083	-1	2005	-1	0	1	0
10141084	2160	2005	-1	0	1	0
10141085	4320	2005	-1	0	1	0
10141086	-1	2005	-1	0	1	0
10141087	2160	2005	-1	0	1	0
10141088	4320	2005	-1	0	1	0
10141089	-1	2005	-1	0	1	0
10141090	720	2005	-1	0	1	0
10141091	2160	2005	-1	0	1	0
10141092	-1	2005	-1	0	1	0
10141093	2160	2005	-1	0	1	0
10141094	4320	2005	-1	0	1	0
10141095	-1	2005	-1	0	1	0
10141102	2160	2005	-1	0	1	0
10141103	4320	2005	-1	0	1	0
10141104	-1	2005	-1	0	1	0
10141105	168	2005	-1	0	1	0
10141106	168	2005	-1	0	1	0
10141107	168	2005	-1	0	1	0
10141108	168	2005	-1	0	1	0
10141109	168	2005	-1	0	1	0
10141110	168	2005	-1	0	1	0
10141111	2160	2005	-1	0	1	0
10141112	4320	2005	-1	0	1	0
10141113	-1	2005	-1	0	1	0
10141114	720	2005	-1	0	1	0
10141115	720	2005	-1	0	1	0
10141116	2160	2005	-1	0	1	0
10141117	4320	2005	-1	0	1	0
10141118	-1	2005	-1	0	1	0
10141119	720	2005	-1	0	1	0
10141120	720	2005	-1	0	1	0
10141121	168	2005	-1	0	1	0
10141122	2160	2005	-1	0	1	0
10141123	4320	2005	-1	0	1	0
10141124	-1	2005	-1	0	1	0
10141125	2160	2005	-1	0	1	0
10141126	4320	2005	-1	0	1	0
10141127	-1	2005	-1	0	1	0
10141128	2160	2005	-1	0	1	0
10141129	4320	2005	-1	0	1	0
10141130	-1	2005	-1	0	1	0
10141131	720	2005	-1	0	1	0
10141132	720	2005	-1	0	1	0
10141133	720	2005	-1	0	1	0
10141134	72	2005	-1	0	1	0
10141135	72	2005	-1	0	1	0
10141136	720	2005	-1	0	1	0
10141137	2160	2005	-1	0	1	0
10141138	4320	2005	-1	0	1	0
10141139	-1	2005	-1	0	1	0
10141140	720	2005	-1	0	1	0
10141141	2160	2005	-1	0	1	0
10141142	4320	2005	-1	0	1	0
10141143	-1	2005	-1	0	1	0
10141144	336	2005	-1	0	1	0
10141145	720	2005	-1	0	1	0
10141146	720	2005	-1	0	1	0
10141147	2160	2005	-1	0	1	0
10141148	4320	2005	-1	0	1	0
10141149	-1	2005	-1	0	1	0
10141151	720	2005	-1	0	1	0
10141152	720	2005	-1	0	1	0
10141153	2160	2005	-1	0	1	0
10141154	4320	2005	-1	0	1	0
10141155	-1	2005	-1	0	1	0
10141156	720	2005	-1	0	1	0
10141157	2160	2005	-1	0	1	0
10141158	4320	2005	-1	0	1	0
10141159	-1	2005	-1	0	1	0
10141160	720	2005	-1	0	1	0
10141161	2160	2005	-1	0	1	0
10141162	4320	2005	-1	0	1	0
10141163	-1	2005	-1	0	1	0
10141164	720	2005	-1	0	1	0
10141165	2160	2005	-1	0	1	0
10141166	4320	2005	-1	0	1	0
10141167	-1	2005	-1	0	1	0
10141168	720	2005	-1	0	1	0
10141169	2160	2005	-1	0	1	0
10141170	4320	2005	-1	0	1	0
10141171	-1	2005	-1	0	1	0
10141172	720	2005	-1	0	1	0
10141173	2160	2005	-1	0	1	0
10141174	4320	2005	-1	0	1	0
10141175	-1	2005	-1	0	1	0
10141176	720	2005	-1	0	1	0
10141177	2160	2005	-1	0	1	0
10141178	4320	2005	-1	0	1	0
10141179	-1	2005	-1	0	1	0
10141180	720	2005	-1	0	1	0
10141181	2160	2005	-1	0	1	0
10141182	4320	2005	-1	0	1	0
10141183	-1	2005	-1	0	1	0
10141184	720	2005	-1	0	1	0
10141185	2160	2005	-1	0	1	0
10141186	4320	2005	-1	0	1	0
10141187	-1	2005	-1	0	1	0
10141188	72	2005	-1	0	1	0
10141189	720	2005	-1	0	1	0
10141190	2160	2005	-1	0	1	0
10141191	4320	2005	-1	0	1	0
10141192	-1	2005	-1	0	1	0
10141193	336	2005	-1	0	1	0
10141194	720	2005	-1	0	1	0
10141195	2160	2005	-1	0	1	0
10141196	4320	2005	-1	0	1	0
10141197	-1	2005	-1	0	1	0
10141198	720	2005	-1	0	1	0
10141199	2160	2005	-1	0	1	0
10141200	4320	2005	-1	0	1	0
10141201	-1	2005	-1	0	1	0
10141202	720	2005	-1	0	1	0
10141203	720	2005	-1	0	1	0
10141204	168	2005	-1	0	1	0
10141205	2160	2005	-1	0	1	0
10141206	72	2005	-1	0	1	0
10141207	720	2005	-1	0	1	0
10141208	720	2005	-1	0	1	0
10141209	168	2005	-1	0	1	0
10141210	168	2005	-1	0	1	0
10141211	168	2005	-1	0	1	0
10141212	168	2005	-1	0	1	0
10141213	720	2005	-1	0	1	0
10141214	2160	2005	-1	0	1	0
10141215	4320	2005	-1	0	1	0
10141216	-1	2005	-1	0	1	0
10141217	2160	2005	-1	0	1	0
10141218	360	2005	-1	0	1	0
10141221	720	2005	-1	0	1	0
10141222	2160	2005	-1	0	1	0
10141223	4320	2005	-1	0	1	0
10141224	-1	2005	-1	0	1	0
10141225	168	2005	-1	0	1	0
10141226	720	2005	-1	0	1	0
10141227	360	2005	-1	0	1	0
10141228	720	2005	-1	0	1	0
10141229	2160	2005	-1	0	1	0
10141230	-1	2005	-1	0	1	0
10141231	720	2005	-1	0	1	0
10141232	2160	2005	-1	0	1	0
10141233	-1	2005	-1	0	1	0
10141234	720	2005	-1	0	1	0
10141235	2160	2005	-1	0	1	0
10141236	4320	2005	-1	0	1	0
10141237	-1	2005	-1	0	1	0
10141238	720	2005	-1	0	1	0
10141239	2160	2005	-1	0	1	0
10141240	4320	2005	-1	0	1	0
10141241	-1	2005	-1	0	1	0
10141242	720	2005	-1	0	1	0
10141243	2160	2005	-1	0	1	0
10141244	4320	2005	-1	0	1	0
10141245	-1	2005	-1	0	1	0
10141246	168	2005	-1	0	1	0
10141247	720	2005	-1	0	1	0
10141248	2160	2005	-1	0	1	0
10141249	4320	2005	-1	0	1	0
10141250	-1	2005	-1	0	1	0
10141251	720	2005	-1	0	1	0
10141252	2160	2005	-1	0	1	0
10141253	4320	2005	-1	0	1	0
10141254	-1	2005	-1	0	1	0
10141255	720	2005	-1	0	1	0
10141256	2160	2005	-1	0	1	0
10141257	4320	2005	-1	0	1	0
10141258	-1	2005	-1	0	1	0
10141259	720	2005	-1	0	1	0
10141260	720	2005	-1	0	1	0
10141261	2160	2005	-1	0	1	0
10141262	4320	2005	-1	0	1	0
10141263	-1	2005	-1	0	1	0
10141264	2160	2005	-1	0	1	0
10141265	4320	2005	-1	0	1	0
10141266	-1	2005	-1	0	1	0
10141267	168	2005	-1	0	1	0
10141268	168	2005	-1	0	1	0
10141269	2160	2005	-1	0	1	0
10141270	4320	2005	-1	0	1	0
10141271	-1	2005	-1	0	1	0
10141272	168	2005	-1	0	1	0
10141273	2160	2005	-1	0	1	0
10141274	4320	2005	-1	0	1	0
10141275	-1	2005	-1	0	1	0
10141276	360	2005	-1	0	1	0
10141277	720	2005	-1	0	1	0
10141278	24	2005	-1	0	1	0
10141279	24	2005	-1	0	1	0
10141280	24	2005	-1	0	1	0
10141281	24	2005	-1	0	1	0
10141282	24	2005	-1	0	1	0
10141283	24	2005	-1	0	1	0
10141284	24	2005	-1	0	1	0
10141285	720	2005	-1	0	1	0
10141286	2160	2005	-1	0	1	0
10141287	4320	2005	-1	0	1	0
10141288	-1	2005	-1	0	1	0
10141289	720	2005	-1	0	1	0
10141290	2160	2005	-1	0	1	0
10141291	4320	2005	-1	0	1	0
10141292	-1	2005	-1	0	1	0
10141293	720	2005	-1	0	1	0
10141294	2160	2005	-1	0	1	0
10141295	4320	2005	-1	0	1	0
10141296	-1	2005	-1	0	1	0
10141297	720	2005	-1	0	1	0
10141298	2160	2005	-1	0	1	0
10141299	4320	2005	-1	0	1	0
10141300	-1	2005	-1	0	1	0
10141301	720	2005	-1	0	1	0
10141302	2160	2005	-1	0	1	0
10141303	4320	2005	-1	0	1	0
10141304	-1	2005	-1	0	1	0
10141305	720	2005	-1	0	1	0
10141306	2160	2005	-1	0	1	0
10141307	4320	2005	-1	0	1	0
10141308	-1	2005	-1	0	1	0
10141309	2160	2005	-1	0	1	0
10141310	720	2005	-1	0	1	0
10141311	720	2005	-1	0	1	0
10141312	720	2005	-1	0	1	0
10141313	2160	2005	-1	0	1	0
10141314	4320	2005	-1	0	1	0
10141315	-1	2005	-1	0	1	0
10141316	720	2005	-1	0	1	0
10141317	-1	2005	-1	0	1	0
10141319	168	2005	-1	0	1	0
10141320	720	2005	-1	0	1	0
10141321	2160	2005	-1	0	1	0
10141322	4320	2005	-1	0	1	0
10141323	-1	2005	-1	0	1	0
10141324	168	2005	-1	0	1	0
10141325	720	2005	-1	0	1	0
10141326	2160	2005	-1	0	1	0
10141327	4320	2005	-1	0	1	0
10141328	-1	2005	-1	0	1	0
10141329	168	2005	-1	0	1	0
10141330	720	2005	-1	0	1	0
10141331	2160	2005	-1	0	1	0
10141332	4320	2005	-1	0	1	0
10141333	-1	2005	-1	0	1	0
10141334	2160	2005	-1	0	1	0
10141335	2160	2005	-1	0	1	0
10141336	2160	2005	-1	0	1	0
10141337	2160	2005	-1	0	1	0
10141338	2160	2005	-1	0	1	0
10141339	168	2005	-1	0	1	0
10141341	720	2005	-1	0	1	0
10141343	2160	2005	-1	0	1	0
10141345	4320	2005	-1	0	1	0
10141351	72	2005	-1	0	1	0
10141352	360	2005	-1	0	1	0
10141353	360	2005	-1	0	1	0
10141354	720	2005	-1	0	1	0
10141358	168	2005	-1	0	1	0
10141359	720	2005	-1	0	1	0
10141360	2160	2005	-1	0	1	0
10141361	4320	2005	-1	0	1	0
10141362	-1	2005	-1	0	1	0
10141363	720	2005	-1	0	1	0
10141364	2160	2005	-1	0	1	0
10141365	4320	2005	-1	0	1	0
10141366	-1	2005	-1	0	1	0
10141367	720	2005	-1	0	1	0
10141368	2160	2005	-1	0	1	0
10141369	4320	2005	-1	0	1	0
10141370	-1	2005	-1	0	1	0
10141371	720	2005	-1	0	1	0
10141372	-1	2005	-1	0	1	0
10141373	-1	2005	-1	0	1	0
10141374	-1	2005	-1	0	1	0
10141375	-1	2005	-1	0	1	0
10141376	720	2005	-1	0	1	0
10141377	2160	2005	-1	0	1	0
10141378	4320	2005	-1	0	1	0
10141379	-1	2005	-1	0	1	0
10141380	168	2005	-1	0	1	0
10141381	72	2005	-1	0	1	0
10141382	2160	2005	-1	0	1	0
10141383	2160	2005	-1	0	1	0
10141384	2160	2005	-1	0	1	0
10141385	4320	2005	-1	0	1	0
10141386	-1	2005	-1	0	1	0
10141387	-1	2005	-1	0	1	0
10141388	-1	2005	-1	0	1	0
10141389	720	2005	-1	0	1	0
10141390	24	2005	-1	0	1	0
10141391	360	2005	-1	0	1	0
10141392	168	2005	-1	0	1	0
10141393	720	2005	-1	0	1	0
10141394	720	2005	-1	0	1	0
10141395	360	2005	-1	0	1	0
10141396	720	2005	-1	0	1	0
10141397	168	2005	-1	0	1	0
10141398	720	2005	-1	0	1	0
10141399	2160	2005	-1	0	1	0
10141400	4320	2005	-1	0	1	0
10141401	-1	2005	-1	0	1	0
10141402	168	2005	-1	0	1	0
10141403	72	2005	-1	0	1	0
10141404	168	2005	-1	0	1	0
10141405	720	2005	-1	0	1	0
10141406	2160	2005	-1	0	1	0
10141407	4320	2005	-1	0	1	0
10141408	-1	2005	-1	0	1	0
10141409	720	2005	-1	0	1	0
10141410	720	2005	-1	0	1	0
10141411	720	2005	-1	0	1	0
10141412	720	2005	-1	0	1	0
10141413	168	2005	-1	0	1	0
10141414	720	2005	-1	0	1	0
10141415	2160	2005	-1	0	1	0
10141416	4320	2005	-1	0	1	0
10141417	-1	2005	-1	0	1	0
10141418	360	2005	-1	0	1	0
10157002	-1	-1	-1	0	2	0
10200011	-1	-1	-1	0	2	0
10200012	-1	-1	-1	0	2	0
10200013	-1	-1	-1	0	2	0
10200014	-1	-1	-1	0	2	0
10200015	-1	-1	-1	0	2	0
10200016	-1	-1	-1	0	2	0
10200017	-1	-1	-1	0	2	0
10200018	-1	-1	-1	0	2	0
10200019	-1	-1	-1	0	2	0
10200020	-1	-1	-1	0	2	0
10201011	-1	-1	-1	0	2	0
10201012	-1	-1	-1	0	2	0
10201013	-1	-1	-1	0	2	0
10201014	-1	-1	-1	0	2	0
10201015	-1	-1	-1	0	2	0
10201016	-1	-1	-1	0	2	0
10201017	-1	-1	-1	0	2	0
10201018	-1	-1	-1	0	2	0
10201019	-1	-1	-1	0	2	0
10201020	-1	-1	-1	0	2	0
10202011	-1	-1	-1	0	2	0
10202012	-1	-1	-1	0	2	0
10202013	-1	-1	-1	0	2	0
10202014	-1	-1	-1	0	2	0
10202015	-1	-1	-1	0	2	0
10202016	-1	-1	-1	0	2	0
10202017	-1	-1	-1	0	2	0
10202018	-1	-1	-1	0	2	0
10202019	-1	-1	-1	0	2	0
10202020	-1	-1	-1	0	2	0
10203011	-1	-1	-1	0	2	0
10203012	-1	-1	-1	0	2	0
10203013	-1	-1	-1	0	2	0
10203014	-1	-1	-1	0	2	0
10203015	-1	-1	-1	0	2	0
10203016	-1	-1	-1	0	2	0
10203017	-1	-1	-1	0	2	0
10203018	-1	-1	-1	0	2	0
10203019	-1	-1	-1	0	2	0
10203020	-1	-1	-1	0	2	0
10204011	-1	-1	-1	0	2	0
10204012	-1	-1	-1	0	2	0
10204013	-1	-1	-1	0	2	0
10204014	-1	-1	-1	0	2	0
10204015	-1	-1	-1	0	2	0
10204016	-1	-1	-1	0	2	0
10204017	-1	-1	-1	0	2	0
10204018	-1	-1	-1	0	2	0
10204019	-1	-1	-1	0	2	0
10204020	-1	-1	-1	0	2	0
10205011	-1	-1	-1	0	2	0
10205012	-1	-1	-1	0	2	0
10205013	-1	-1	-1	0	2	0
10205014	-1	-1	-1	0	2	0
10205015	-1	-1	-1	0	2	0
10205016	-1	-1	-1	0	2	0
10205017	-1	-1	-1	0	2	0
10205018	-1	-1	-1	0	2	0
10205019	-1	-1	-1	0	2	0
10205020	-1	-1	-1	0	2	0
10210002	-1	-1	-1	0	2	0
10210004	-1	-1	-1	0	2	0
10210006	-1	-1	-1	0	2	0
10210008	-1	-1	-1	0	2	0
10210010	-1	-1	-1	0	2	0
10210012	-1	-1	-1	0	2	0
10210014	-1	-1	-1	0	2	0
10210016	-1	-1	-1	0	2	0
10210018	-1	-1	-1	0	2	0
10210020	-1	-1	-1	0	2	0
10210022	-1	-1	-1	0	2	0
10210024	-1	-1	-1	0	2	0
10210026	-1	-1	-1	0	2	0
10210028	-1	-1	-1	0	2	0
10210030	-1	-1	-1	0	2	0
10210032	-1	-1	-1	0	2	0
10210034	-1	-1	-1	0	2	0
10210036	-1	-1	-1	0	2	0
10210038	-1	-1	-1	0	2	0
10210040	-1	-1	-1	0	2	0
10210042	-1	-1	-1	0	2	0
10210044	-1	-1	-1	0	2	0
10210046	-1	-1	-1	0	2	0
10210048	-1	-1	-1	0	2	0
10210050	-1	-1	-1	0	2	0
10210052	-1	-1	-1	0	2	0
10210054	-1	-1	-1	0	2	0
10210056	-1	-1	-1	0	2	0
10210058	-1	-1	-1	0	2	0
10210060	-1	-1	-1	0	2	0
10211002	-1	-1	-1	0	2	0
10211004	-1	-1	-1	0	2	0
10211006	-1	-1	-1	0	2	0
10211008	-1	-1	-1	0	2	0
10211010	-1	-1	-1	0	2	0
10211012	-1	-1	-1	0	2	0
10211014	-1	-1	-1	0	2	0
10211016	-1	-1	-1	0	2	0
10211018	-1	-1	-1	0	2	0
10211020	-1	-1	-1	0	2	0
10211022	-1	-1	-1	0	2	0
10211024	-1	-1	-1	0	2	0
10211026	-1	-1	-1	0	2	0
10211028	-1	-1	-1	0	2	0
10211030	-1	-1	-1	0	2	0
10211032	-1	-1	-1	0	2	0
10211034	-1	-1	-1	0	2	0
10211036	-1	-1	-1	0	2	0
10211038	-1	-1	-1	0	2	0
10211040	-1	-1	-1	0	2	0
10211042	-1	-1	-1	0	2	0
10211044	-1	-1	-1	0	2	0
10211046	-1	-1	-1	0	2	0
10211048	-1	-1	-1	0	2	0
10211050	-1	-1	-1	0	2	0
10211052	-1	-1	-1	0	2	0
10211054	-1	-1	-1	0	2	0
10211056	-1	-1	-1	0	2	0
10211058	-1	-1	-1	0	2	0
10211060	-1	-1	-1	0	2	0
10212002	-1	-1	-1	0	2	0
10212004	-1	-1	-1	0	2	0
10212006	-1	-1	-1	0	2	0
10212008	-1	-1	-1	0	2	0
10212010	-1	-1	-1	0	2	0
10212012	-1	-1	-1	0	2	0
10212014	-1	-1	-1	0	2	0
10212016	-1	-1	-1	0	2	0
10212018	-1	-1	-1	0	2	0
10212020	-1	-1	-1	0	2	0
10212022	-1	-1	-1	0	2	0
10212024	-1	-1	-1	0	2	0
10212026	-1	-1	-1	0	2	0
10212028	-1	-1	-1	0	2	0
10212030	-1	-1	-1	0	2	0
10212032	-1	-1	-1	0	2	0
10212034	-1	-1	-1	0	2	0
10212036	-1	-1	-1	0	2	0
10212038	-1	-1	-1	0	2	0
10212040	-1	-1	-1	0	2	0
10212042	-1	-1	-1	0	2	0
10212044	-1	-1	-1	0	2	0
10212046	-1	-1	-1	0	2	0
10212048	-1	-1	-1	0	2	0
10212050	-1	-1	-1	0	2	0
10212052	-1	-1	-1	0	2	0
10212054	-1	-1	-1	0	2	0
10212056	-1	-1	-1	0	2	0
10212058	-1	-1	-1	0	2	0
10212060	-1	-1	-1	0	2	0
10213002	-1	-1	-1	0	2	0
10213004	-1	-1	-1	0	2	0
10213006	-1	-1	-1	0	2	0
10213008	-1	-1	-1	0	2	0
10213010	-1	-1	-1	0	2	0
10213012	-1	-1	-1	0	2	0
10213014	-1	-1	-1	0	2	0
10213016	-1	-1	-1	0	2	0
10213018	-1	-1	-1	0	2	0
10213020	-1	-1	-1	0	2	0
10213022	-1	-1	-1	0	2	0
10213024	-1	-1	-1	0	2	0
10213026	-1	-1	-1	0	2	0
10213028	-1	-1	-1	0	2	0
10213030	-1	-1	-1	0	2	0
10213032	-1	-1	-1	0	2	0
10213034	-1	-1	-1	0	2	0
10213036	-1	-1	-1	0	2	0
10213038	-1	-1	-1	0	2	0
10213040	-1	-1	-1	0	2	0
10213042	-1	-1	-1	0	2	0
10213044	-1	-1	-1	0	2	0
10213046	-1	-1	-1	0	2	0
10213048	-1	-1	-1	0	2	0
10213050	-1	-1	-1	0	2	0
10213052	-1	-1	-1	0	2	0
10213054	-1	-1	-1	0	2	0
10213056	-1	-1	-1	0	2	0
10213058	-1	-1	-1	0	2	0
10213060	-1	-1	-1	0	2	0
10214002	-1	-1	-1	0	2	0
10214004	-1	-1	-1	0	2	0
10214006	-1	-1	-1	0	2	0
10214008	-1	-1	-1	0	2	0
10214010	-1	-1	-1	0	2	0
10214012	-1	-1	-1	0	2	0
10214014	-1	-1	-1	0	2	0
10214016	-1	-1	-1	0	2	0
10214018	-1	-1	-1	0	2	0
10214020	-1	-1	-1	0	2	0
10215002	-1	-1	-1	0	2	0
10215004	-1	-1	-1	0	2	0
10215006	-1	-1	-1	0	2	0
10215008	-1	-1	-1	0	2	0
10215010	-1	-1	-1	0	2	0
10215012	-1	-1	-1	0	2	0
10215014	-1	-1	-1	0	2	0
10215016	-1	-1	-1	0	2	0
10215018	-1	-1	-1	0	2	0
10215020	-1	-1	-1	0	2	0
10220011	-1	-1	-1	0	2	0
10220012	-1	-1	-1	0	2	0
10220013	-1	-1	-1	0	2	0
10220014	-1	-1	-1	0	2	0
10220015	-1	-1	-1	0	2	0
10220016	-1	-1	-1	0	2	0
10220017	-1	-1	-1	0	2	0
10220018	-1	-1	-1	0	2	0
10220019	-1	-1	-1	0	2	0
10220020	-1	-1	-1	0	2	0
10221011	-1	-1	-1	0	2	0
10221012	-1	-1	-1	0	2	0
10221013	-1	-1	-1	0	2	0
10221014	-1	-1	-1	0	2	0
10221015	-1	-1	-1	0	2	0
10221016	-1	-1	-1	0	2	0
10221017	-1	-1	-1	0	2	0
10221018	-1	-1	-1	0	2	0
10221019	-1	-1	-1	0	2	0
10221020	-1	-1	-1	0	2	0
10222011	-1	-1	-1	0	2	0
10222012	-1	-1	-1	0	2	0
10222013	-1	-1	-1	0	2	0
10222014	-1	-1	-1	0	2	0
10222015	-1	-1	-1	0	2	0
10222016	-1	-1	-1	0	2	0
10222017	-1	-1	-1	0	2	0
10222018	-1	-1	-1	0	2	0
10222019	-1	-1	-1	0	2	0
10222020	-1	-1	-1	0	2	0
10222031	-1	-1	-1	0	2	0
10222032	-1	-1	-1	0	2	0
10222033	-1	-1	-1	0	2	0
10222034	-1	-1	-1	0	2	0
10222035	-1	-1	-1	0	2	0
10222036	-1	-1	-1	0	2	0
10223011	-1	-1	-1	0	2	0
10223012	-1	-1	-1	0	2	0
10223013	-1	-1	-1	0	2	0
10223014	-1	-1	-1	0	2	0
10223015	-1	-1	-1	0	2	0
10223016	-1	-1	-1	0	2	0
10223017	-1	-1	-1	0	2	0
10223018	-1	-1	-1	0	2	0
10223019	-1	-1	-1	0	2	0
10223020	-1	-1	-1	0	2	0
10223031	-1	-1	-1	0	2	0
10223032	-1	-1	-1	0	2	0
10223033	-1	-1	-1	0	2	0
10223034	-1	-1	-1	0	2	0
10223035	-1	-1	-1	0	2	0
10223036	-1	-1	-1	0	2	0
10300000	-1	-1	#c00ff00装备：击中敌人后有一定机率触发“奋力”	0	1	0
10300001	-1	-1	#c00ff00装备：击中敌人后有一定机率触发“奋力”	0	1	0
10300002	-1	-1	#c00ff00装备：击中敌人后有一定机率触发“奋力”	0	1	0
10300003	-1	-1	#c00ff00装备：击中敌人后有一定机率触发“奋力”	0	1	0
10300004	-1	-1	#c00ff00装备：击中敌人后有一定机率触发“奋力”	0	1	0
10300005	-1	-1	#c00ff00装备：击中敌人后有一定机率触发“奋力”	0	1	0
10300006	-1	-1	#c00ff00装备：击中敌人后有一定机率触发“奋力”	0	1	0
10300007	-1	-1	#c00ff00装备：击中敌人后有一定机率触发“奋力”	0	1	0
10300100	-1	-1	#c00ff00装备：击中敌人后有一定机率触发“吸血”	0	1	0
10300101	-1	-1	#c00ff00装备：击中敌人后有一定机率触发“减速”	0	1	0
10300102	-1	-1	#c00ff00装备：击中敌人后有一定机率触发“破绽”	0	1	0
10300103	-1	-1	#c00ff00装备：击中敌人后有一定机率触发“吸血”	0	1	0
10300104	-1	-1	#c00ff00装备：击中敌人后有一定机率触发“减速”	0	1	0
10300105	-1	-1	#c00ff00装备：击中敌人后有一定机率触发“破绽”	0	1	0
10300106	-1	-1	#c00ff00装备：击中敌人后有一定机率触发“吸血”	0	1	0
10300107	-1	-1	#c00ff00装备：击中敌人后有一定机率触发“减速”	0	1	0
10300108	-1	-1	#c00ff00装备：击中敌人后有一定机率触发“破绽”	0	1	0
10300109	-1	-1	#c00ff00装备：击中敌人后有一定机率触发“吸血”	0	1	0
10300110	-1	-1	#c00ff00装备：击中敌人后有一定机率触发“减速”	0	1	0
10300111	-1	-1	#c00ff00装备：击中敌人后有一定机率触发“破绽”	0	1	0
10301000	-1	-1	#c00ff00装备：击中敌人后有一定机率触发“奋力”	0	1	0
10301001	-1	-1	#c00ff00装备：击中敌人后有一定机率触发“奋力”	0	1	0
10301100	-1	-1	#c00ff00装备：击中敌人后有一定机率触发“吸血”	0	1	0
10301101	-1	-1	#c00ff00装备：击中敌人后有一定机率触发“减速”	0	1	0
10301102	-1	-1	#c00ff00装备：击中敌人后有一定机率触发“虚弱”	0	1	0
10301103	-1	-1	#c00ff00装备：击中敌人后有一定机率触发“吸血”	0	1	0
10301104	-1	-1	#c00ff00装备：击中敌人后有一定机率触发“减速”	0	1	0
10301105	-1	-1	#c00ff00装备：击中敌人后有一定机率触发“虚弱”	0	1	0
10301106	-1	-1	#c00ff00装备：击中敌人后有一定机率触发“吸血”	0	1	0
10301107	-1	-1	#c00ff00装备：击中敌人后有一定机率触发“减速”	0	1	0
10301108	-1	-1	#c00ff00装备：击中敌人后有一定机率触发“虚弱”	0	1	0
10301109	-1	-1	#c00ff00装备：击中敌人后有一定机率触发“吸血”	0	1	0
10301110	-1	-1	#c00ff00装备：击中敌人后有一定机率触发“减速”	0	1	0
10301111	-1	-1	#c00ff00装备：击中敌人后有一定机率触发“虚弱”	0	1	0
10301198	-1	-1	#c00ff00装备：击中敌人后有一定机率触发“奋力”	0	1	0
10301199	-1	-1	#c00ff00装备：击中敌人后有一定机率触发“奋力”	0	1	0
10301200	-1	-1	#c00ff00装备：击中敌人后有一定机率触发“吸血”	0	1	0
10301201	-1	-1	#c00ff00装备：击中敌人后有一定机率触发“减速”	0	1	0
10301202	-1	-1	#c00ff00装备：击中敌人后有一定机率触发“虚弱”	0	1	0
10301203	-1	-1	#c00ff00装备：击中敌人后有一定机率触发“吸血”	0	1	0
10301204	-1	-1	#c00ff00装备：击中敌人后有一定机率触发“减速”	0	1	0
10301205	-1	-1	#c00ff00装备：击中敌人后有一定机率触发“虚弱”	0	1	0
10301206	-1	-1	#c00ff00装备：击中敌人后有一定机率触发“吸血”	0	1	0
10301207	-1	-1	#c00ff00装备：击中敌人后有一定机率触发“减速”	0	1	0
10301208	-1	-1	#c00ff00装备：击中敌人后有一定机率触发“虚弱”	0	1	0
10301209	-1	-1	#c00ff00装备：击中敌人后有一定机率触发“吸血”	0	1	0
10301210	-1	-1	#c00ff00装备：击中敌人后有一定机率触发“减速”	0	1	0
10301211	-1	-1	#c00ff00装备：击中敌人后有一定机率触发“虚弱”	0	1	0
10302000	-1	-1	#c00ff00装备：击中敌人后有一定机率触发“蓄力”	0	1	0
10302001	-1	-1	#c00ff00装备：击中敌人后有一定机率触发“蓄力”	0	1	0
10302002	-1	-1	#c00ff00装备：击中敌人后有一定机率触发“蓄力”	0	1	0
10302003	-1	-1	#c00ff00装备：击中敌人后有一定机率触发“蓄力”	0	1	0
10302004	-1	-1	#c00ff00装备：击中敌人后有一定机率触发“蓄力”	0	1	0
10302005	-1	-1	#c00ff00装备：击中敌人后有一定机率触发“蓄力”	0	1	0
10302006	-1	-1	#c00ff00装备：击中敌人后有一定机率触发“蓄力”	0	1	0
10302007	-1	-1	#c00ff00装备：击中敌人后有一定机率触发“蓄力”	0	1	0
10302008	-1	-1	#c00ff00装备：击中敌人后有一定机率触发“蓄力”	0	1	0
10302009	-1	-1	#c00ff00装备：击中敌人后有一定机率触发“蓄力”	0	1	0
10302010	-1	-1	#c00ff00装备：击中敌人后有一定机率触发“蓄力”	0	1	0
10302011	-1	-1	#c00ff00装备：击中敌人后有一定机率触发“蓄力”	0	1	0
10302100	-1	-1	#c00ff00装备：击中敌人后有一定机率触发“吸血”	0	1	0
10302101	-1	-1	#c00ff00装备：击中敌人后有一定机率触发“吸气”	0	1	0
10302102	-1	-1	#c00ff00装备：击中敌人后有一定机率触发“破绽”	0	1	0
10302103	-1	-1	#c00ff00装备：击中敌人后有一定机率触发“吸血”	0	1	0
10302104	-1	-1	#c00ff00装备：击中敌人后有一定机率触发“吸气”	0	1	0
10302105	-1	-1	#c00ff00装备：击中敌人后有一定机率触发“破绽”	0	1	0
10302106	-1	-1	#c00ff00装备：击中敌人后有一定机率触发“吸血”	0	1	0
10302107	-1	-1	#c00ff00装备：击中敌人后有一定机率触发“吸气”	0	1	0
10302108	-1	-1	#c00ff00装备：击中敌人后有一定机率触发“破绽”	0	1	0
10302109	-1	-1	#c00ff00装备：击中敌人后有一定机率触发“吸血”	0	1	0
10302110	-1	-1	#c00ff00装备：击中敌人后有一定机率触发“吸气”	0	1	0
10302111	-1	-1	#c00ff00装备：击中敌人后有一定机率触发“破绽”	0	1	0
10302200	-1	-1	#c00ff00装备：击中敌人后有一定机率触发“吸血”	0	1	0
10302201	-1	-1	#c00ff00装备：击中敌人后有一定机率触发“虚弱”	0	1	0
10302202	-1	-1	#c00ff00装备：击中敌人后有一定机率触发“破绽”	0	1	0
10302203	-1	-1	#c00ff00装备：击中敌人后有一定机率触发“吸血”	0	1	0
10302204	-1	-1	#c00ff00装备：击中敌人后有一定机率触发“虚弱”	0	1	0
10302205	-1	-1	#c00ff00装备：击中敌人后有一定机率触发“破绽”	0	1	0
10302206	-1	-1	#c00ff00装备：击中敌人后有一定机率触发“吸血”	0	1	0
10302207	-1	-1	#c00ff00装备：击中敌人后有一定机率触发“虚弱”	0	1	0
10302208	-1	-1	#c00ff00装备：击中敌人后有一定机率触发“破绽”	0	1	0
10302209	-1	-1	#c00ff00装备：击中敌人后有一定机率触发“吸血”	0	1	0
10302210	-1	-1	#c00ff00装备：击中敌人后有一定机率触发“虚弱”	0	1	0
10302211	-1	-1	#c00ff00装备：击中敌人后有一定机率触发“破绽”	0	1	0
10303000	-1	-1	#c00ff00装备：击中敌人后有一定机率触发“蓄力”	0	1	0
10303001	-1	-1	#c00ff00装备：击中敌人后有一定机率触发“蓄力”	0	1	0
10303100	-1	-1	#c00ff00装备：击中敌人后有一定机率触发“吸血”	0	1	0
10303101	-1	-1	#c00ff00装备：击中敌人后有一定机率触发“虚弱”	0	1	0
10303102	-1	-1	#c00ff00装备：击中敌人后有一定机率触发“破绽”	0	1	0
10303103	-1	-1	#c00ff00装备：击中敌人后有一定机率触发“吸血”	0	1	0
10303104	-1	-1	#c00ff00装备：击中敌人后有一定机率触发“虚弱”	0	1	0
10303105	-1	-1	#c00ff00装备：击中敌人后有一定机率触发“破绽”	0	1	0
10303106	-1	-1	#c00ff00装备：击中敌人后有一定机率触发“吸血”	0	1	0
10303107	-1	-1	#c00ff00装备：击中敌人后有一定机率触发“虚弱”	0	1	0
10303108	-1	-1	#c00ff00装备：击中敌人后有一定机率触发“破绽”	0	1	0
10303109	-1	-1	#c00ff00装备：击中敌人后有一定机率触发“吸血”	0	1	0
10303110	-1	-1	#c00ff00装备：击中敌人后有一定机率触发“虚弱”	0	1	0
10303111	-1	-1	#c00ff00装备：击中敌人后有一定机率触发“破绽”	0	1	0
10303200	-1	-1	#c00ff00装备：击中敌人后有一定机率触发“吸血”	0	1	0
10303201	-1	-1	#c00ff00装备：击中敌人后有一定机率触发“打怒”	0	1	0
10303202	-1	-1	#c00ff00装备：击中敌人后有一定机率触发“虚弱”	0	1	0
10303203	-1	-1	#c00ff00装备：击中敌人后有一定机率触发“吸血”	0	1	0
10303204	-1	-1	#c00ff00装备：击中敌人后有一定机率触发“打怒”	0	1	0
10303205	-1	-1	#c00ff00装备：击中敌人后有一定机率触发“虚弱”	0	1	0
10303206	-1	-1	#c00ff00装备：击中敌人后有一定机率触发“吸血”	0	1	0
10303207	-1	-1	#c00ff00装备：击中敌人后有一定机率触发“打怒”	0	1	0
10303208	-1	-1	#c00ff00装备：击中敌人后有一定机率触发“虚弱”	0	1	0
10303209	-1	-1	#c00ff00装备：击中敌人后有一定机率触发“吸血”	0	1	0
10303210	-1	-1	#c00ff00装备：击中敌人后有一定机率触发“打怒”	0	1	0
10303211	-1	-1	#c00ff00装备：击中敌人后有一定机率触发“虚弱”	0	1	0
10304000	-1	-1	#c00ff00装备：击中敌人后有一定机率触发“精妙”	0	1	0
10304001	-1	-1	#c00ff00装备：击中敌人后有一定机率触发“精妙”	0	1	0
10304002	-1	-1	#c00ff00装备：击中敌人后有一定机率触发“精妙”	0	1	0
10304003	-1	-1	#c00ff00装备：击中敌人后有一定机率触发“精妙”	0	1	0
10304004	-1	-1	#c00ff00装备：击中敌人后有一定机率触发“精妙”	0	1	0
10304005	-1	-1	#c00ff00装备：击中敌人后有一定机率触发“精妙”	0	1	0
10304006	-1	-1	#c00ff00装备：击中敌人后有一定机率触发“精妙”	0	1	0
10304007	-1	-1	#c00ff00装备：击中敌人后有一定机率触发“精妙”	0	1	0
10304008	-1	-1	#c00ff00装备：击中敌人后有一定机率触发“精妙”	0	1	0
10304009	-1	-1	#c00ff00装备：击中敌人后有一定机率触发“精妙”	0	1	0
10304100	-1	-1	#c00ff00装备：击中敌人后有一定机率触发“吸血”	0	1	0
10304101	-1	-1	#c00ff00装备：击中敌人后有一定机率触发“吸气”	0	1	0
10304102	-1	-1	#c00ff00装备：击中敌人后有一定机率触发“虚弱”	0	1	0
10304103	-1	-1	#c00ff00装备：击中敌人后有一定机率触发“吸血”	0	1	0
10304104	-1	-1	#c00ff00装备：击中敌人后有一定机率触发“吸气”	0	1	0
10304105	-1	-1	#c00ff00装备：击中敌人后有一定机率触发“虚弱”	0	1	0
10304106	-1	-1	#c00ff00装备：击中敌人后有一定机率触发“吸血”	0	1	0
10304107	-1	-1	#c00ff00装备：击中敌人后有一定机率触发“吸气”	0	1	0
10304108	-1	-1	#c00ff00装备：击中敌人后有一定机率触发“虚弱”	0	1	0
10304109	-1	-1	#c00ff00装备：击中敌人后有一定机率触发“吸血”	0	1	0
10304110	-1	-1	#c00ff00装备：击中敌人后有一定机率触发“吸气”	0	1	0
10304111	-1	-1	#c00ff00装备：击中敌人后有一定机率触发“虚弱”	0	1	0
10305000	-1	-1	#c00ff00装备：击中敌人后有一定机率触发“绝妙”	0	1	0
10305001	-1	-1	#c00ff00装备：击中敌人后有一定机率触发“绝妙”	0	1	0
10305002	-1	-1	#c00ff00装备：击中敌人后有一定机率触发“绝妙”	0	1	0
10305003	-1	-1	#c00ff00装备：击中敌人后有一定机率触发“绝妙”	0	1	0
10305004	-1	-1	#c00ff00装备：击中敌人后有一定机率触发“绝妙”	0	1	0
10305005	-1	-1	#c00ff00装备：击中敌人后有一定机率触发“绝妙”	0	1	0
10305006	-1	-1	#c00ff00装备：击中敌人后有一定机率触发“绝妙”	0	1	0
10305007	-1	-1	#c00ff00装备：击中敌人后有一定机率触发“绝妙”	0	1	0
10305008	-1	-1	#c00ff00装备：击中敌人后有一定机率触发“蓄力”	0	1	0
10305009	-1	-1	#c00ff00装备：击中敌人后有一定机率触发“蓄力”	0	1	0
10305100	-1	-1	#c00ff00装备：击中敌人后有一定机率触发“吸血”	0	1	0
10305101	-1	-1	#c00ff00装备：击中敌人后有一定机率触发“吸气”	0	1	0
10305102	-1	-1	#c00ff00装备：击中敌人后有一定机率触发“虚弱”	0	1	0
10305103	-1	-1	#c00ff00装备：击中敌人后有一定机率触发“吸血”	0	1	0
10305104	-1	-1	#c00ff00装备：击中敌人后有一定机率触发“吸气”	0	1	0
10305105	-1	-1	#c00ff00装备：击中敌人后有一定机率触发“虚弱”	0	1	0
10305106	-1	-1	#c00ff00装备：击中敌人后有一定机率触发“吸血”	0	1	0
10305107	-1	-1	#c00ff00装备：击中敌人后有一定机率触发“吸气”	0	1	0
10305108	-1	-1	#c00ff00装备：击中敌人后有一定机率触发“虚弱”	0	1	0
10305109	-1	-1	#c00ff00装备：击中敌人后有一定机率触发“吸血”	0	1	0
10305110	-1	-1	#c00ff00装备：击中敌人后有一定机率触发“吸气”	0	1	0
10305111	-1	-1	#c00ff00装备：击中敌人后有一定机率触发“虚弱”	0	1	0
10305200	-1	-1	#c00ff00装备：击中敌人后有一定机率触发“减速”	0	1	0
10305201	-1	-1	#c00ff00装备：击中敌人后有一定机率触发“吸血”	0	1	0
10305202	-1	-1	#c00ff00装备：击中敌人后有一定机率触发“虚弱”	0	1	0
10305203	-1	-1	#c00ff00装备：击中敌人后有一定机率触发“减速”	0	1	0
10305204	-1	-1	#c00ff00装备：击中敌人后有一定机率触发“吸血”	0	1	0
10305205	-1	-1	#c00ff00装备：击中敌人后有一定机率触发“虚弱”	0	1	0
10305206	-1	-1	#c00ff00装备：击中敌人后有一定机率触发“减速”	0	1	0
10305207	-1	-1	#c00ff00装备：击中敌人后有一定机率触发“吸血”	0	1	0
10305208	-1	-1	#c00ff00装备：击中敌人后有一定机率触发“虚弱”	0	1	0
10305209	-1	-1	#c00ff00装备：击中敌人后有一定机率触发“减速”	0	1	0
10305210	-1	-1	#c00ff00装备：击中敌人后有一定机率触发“吸血”	0	1	0
10305211	-1	-1	#c00ff00装备：击中敌人后有一定机率触发“虚弱”	0	1	0
10410082	24	-1	-1	0	1	0
10410083	24	-1	-1	0	1	0
10410084	24	-1	-1	0	1	0
10410085	24	-1	-1	0	1	0
10410086	24	-1	-1	0	1	0
10410087	24	-1	-1	0	1	0
10410088	24	-1	-1	0	1	0
10410089	24	-1	-1	0	1	0
10410090	24	-1	-1	0	1	0
10410091	24	-1	-1	0	1	0
10410092	24	-1	-1	0	1	0
10410093	24	-1	-1	0	1	0
10410094	24	-1	-1	0	1	0
10410095	24	-1	-1	0	1	0
10410096	24	-1	-1	0	1	0
10410097	24	-1	-1	0	1	0
10410098	168	-1	-1	1	1	0
10410099	168	-1	-1	1	1	0
10410100	168	-1	-1	1	1	0
10410101	168	-1	-1	1	1	0
10410102	168	-1	-1	1	1	0
10410103	168	-1	-1	1	1	0
10410104	168	-1	-1	1	1	0
10410105	168	-1	-1	1	1	0
10410106	168	-1	-1	1	1	0
10410107	168	-1	-1	1	1	0
10410108	-1	-1	-1	1	1	0
10410109	-1	-1	-1	1	1	0
10410110	-1	-1	-1	1	1	0
10410111	-1	-1	-1	1	1	0
10410112	-1	-1	-1	1	1	0
10410113	-1	-1	-1	1	1	0
10410114	-1	-1	-1	1	1	0
10410115	-1	-1	-1	1	1	0
10410116	-1	-1	-1	1	1	0
10410117	-1	-1	-1	1	1	0
10410118	168	-1	-1	1	1	0
10410119	168	-1	-1	1	1	0
10410120	168	-1	-1	1	1	0
10410121	168	-1	-1	1	1	0
10410122	168	-1	-1	1	1	0
10410123	168	-1	-1	1	1	0
10410124	168	-1	-1	1	1	0
10410125	168	-1	-1	1	1	0
10410126	168	-1	-1	1	1	0
10410127	168	-1	-1	1	1	0
10410136	24	-1	-1	1	1	0
10410137	168	-1	-1	1	1	0
10410138	168	-1	-1	1	1	0
10410139	168	-1	-1	1	1	0
10410140	168	-1	-1	1	1	0
10410141	168	-1	-1	1	1	0
10410142	168	-1	-1	1	1	0
10410143	168	-1	-1	1	1	0
10410144	168	-1	-1	1	1	0
10410145	168	-1	-1	1	1	0
10410146	168	-1	-1	1	1	0
10410147	-1	-1	-1	1	1	0
10410148	-1	-1	-1	1	1	0
10420088	-1	-1	#c00ff00装备：击中敌人后有一定机率触发“失明”	0	1	0
10420089	-1	-1	#c00ff00装备：击中敌人后有更大机率触发“失明”	0	1	0
10420090	-1	-1	#c00ff00装备：击中敌人后有一定机率触发“失明”	0	1	0
10420091	-1	-1	#c00ff00装备：击中敌人后有一定机率触发“失明”	0	1	0
10422016	-1	-1	#c00ff00装备：击中敌人后有一定机率触发“封穴”	0	1	0
10422149	-1	-1	#c00ff00装备：击中敌人后有更大机率触发“封穴”	0	1	0
10422150	-1	-1	#c00ff00装备：击中敌人后有一定机率触发“封穴”	0	1	0
10422155	-1	-1	#c00ff00装备：击中敌人后有一定机率触发“封穴”	0	1	0
10422160	-1	-1	-1	0	1	0
10423024	-1	-1	#c00ff00装备：击中敌人后有一定机率触发“麻痹”	0	1	0
10423025	-1	-1	#c00ff00装备：击中敌人后有更大机率触发“麻痹”	0	1	0
10423026	-1	-1	#c00ff00装备：击中敌人后有一定机率触发“麻痹”	0	1	0
10423064	-1	-1	#c00ff00装备：击中敌人后有一定机率触发“麻痹”	0	1	0
10453100	-1	2005	#cff6633扩展品质:#H(新手)#r#I攻击目标#G10%#I触发#r#cff66cc扩展技能：#B(无视+破抗)#r#G无视#R敌人所有防御并使之目标#G火抗-100点	1	1	0
10453101	-1	2005	#cff6633扩展品质:#H(省略)#r#I攻击目标#G11%#I触发#r#cff66cc扩展技能：#B(无视+破抗)#r#G无视#R敌人所有防御并使之目标#G火抗-200点	1	1	0
10453102	-1	2005	#cff6633扩展品质:#H(普通)#r#I攻击目标#G12%#I触发#r#cff66cc扩展技能：#B(无视+破抗)#r#G无视#R敌人所有防御并使之目标#G火抗-300点	1	1	0
10453103	-1	2005	#cff6633扩展品质:#H(优秀)#r#I攻击目标#G13%#I触发#r#cff66cc扩展技能：#B(无视+破抗)#r#G无视#R敌人所有防御并使之目标#G火抗-400点	1	1	0
10453104	-1	2005	#cff6633扩展品质:#H(精良)#r#I攻击目标#G14%#I触发#r#cff66cc扩展技能：#B(无视+破抗)#r#G无视#R敌人所有防御并使之目标#G火抗-500点	1	1	0
10453105	-1	2005	#cff6633扩展品质:#H(极品)#r#I攻击目标#G15%#I触发#r#cff66cc扩展技能：#B(无视+破抗)#r#G无视#R敌人所有防御并使之目标#G火抗-600点	1	1	0
10453106	-1	2005	#cff6633扩展品质:#H(史诗)#r#I攻击目标#G16%#I触发#r#cff66cc扩展技能：#B(无视+破抗)#r#G无视#R敌人所有防御并使之目标#G火抗-700点	1	1	0
10453107	-1	2005	#cff6633扩展品质:#H(传说)#r#I攻击目标#G17%#I触发#r#cff66cc扩展技能：#B(无视+破抗)#r#G无视#R敌人所有防御并使之目标#G火抗-800点	1	1	0
10453108	-1	2005	#cff6633扩展品质:#H(神器)#r#I攻击目标#G18%#I触发#r#cff66cc扩展技能：#B(无视+破抗)#r#G无视#R敌人所有防御并使之目标#G火抗-900点	1	1	0
10453109	-1	2005	#cff6633扩展品质:#H(魔王)#r#I攻击目标#G19%#I触发#r#cff66cc扩展技能：#B(无视+破抗)#r#G无视#R敌人所有防御并使之目标#G火抗-1000点	1	1	0
10453110	-1	2005	#cff6633扩展品质:#H(战神)#r#I攻击目标#G20%#I触发#r#cff66cc扩展技能：#B(无视+破抗)#r#G无视#R敌人所有防御并使之目标#G火抗-1100点	1	1	0
10453111	-1	2005	#cff6633扩展品质:#H(魔神)#r#I攻击目标#G21%#I触发#r#cff66cc扩展技能：#B(无视+破抗)#r#G无视#R敌人所有防御并使之目标#G火抗-1200点	1	1	0
10453112	-1	2005	#cff6633扩展品质:#H(至尊)#r#I攻击目标#G22%#I触发#r#cff66cc扩展技能：#B(无视+破抗)#r#G无视#R敌人所有防御并使之目标#G火抗-1300点	1	1	0
						
10453113	-1	2005	#cff6633扩展品质:#H(新手)#r#I攻击目标#G10%#I触发#r#cff66cc扩展技能：#B(兽王咆哮)#r#R周围#G15米#R，最多#G20个目标#R受到毒阵#G伤害1000点	1	1	0
10453114	-1	2005	#cff6633扩展品质:#H(省略)#r#I攻击目标#G11%#I触发#r#cff66cc扩展技能：#B(兽王咆哮)#r#R周围#G15米#R，最多#G20个目标#R受到毒阵#G伤害1200点	1	1	0
10453115	-1	2005	#cff6633扩展品质:#H(普通)#r#I攻击目标#G12%#I触发#r#cff66cc扩展技能：#B(兽王咆哮)#r#R周围#G15米#R，最多#G20个目标#R受到毒阵#G伤害1440点	1	1	0
10453116	-1	2005	#cff6633扩展品质:#H(优秀)#r#I攻击目标#G13%#I触发#r#cff66cc扩展技能：#B(兽王咆哮)#r#R周围#G15米#R，最多#G20个目标#R受到毒阵#G伤害1728点	1	1	0
10453117	-1	2005	#cff6633扩展品质:#H(精良)#r#I攻击目标#G14%#I触发#r#cff66cc扩展技能：#B(兽王咆哮)#r#R周围#G15米#R，最多#G20个目标#R受到毒阵#G伤害2073点	1	1	0
10453118	-1	2005	#cff6633扩展品质:#H(极品)#r#I攻击目标#G15%#I触发#r#cff66cc扩展技能：#B(兽王咆哮)#r#R周围#G15米#R，最多#G20个目标#R受到毒阵#G伤害2488点	1	1	0
10453119	-1	2005	#cff6633扩展品质:#H(史诗)#r#I攻击目标#G16%#I触发#r#cff66cc扩展技能：#B(兽王咆哮)#r#R周围#G15米#R，最多#G20个目标#R受到毒阵#G伤害2985点	1	1	0
10453120	-1	2005	#cff6633扩展品质:#H(传说)#r#I攻击目标#G17%#I触发#r#cff66cc扩展技能：#B(兽王咆哮)#r#R周围#G15米#R，最多#G20个目标#R受到毒阵#G伤害3583点	1	1	0
10453121	-1	2005	#cff6633扩展品质:#H(神器)#r#I攻击目标#G18%#I触发#r#cff66cc扩展技能：#B(兽王咆哮)#r#R周围#G15米#R，最多#G20个目标#R受到毒阵#G伤害4299点	1	1	0
10453122	-1	2005	#cff6633扩展品质:#H(魔王)#r#I攻击目标#G19%#I触发#r#cff66cc扩展技能：#B(兽王咆哮)#r#R周围#G15米#R，最多#G20个目标#R受到毒阵#G伤害5159点	1	1	0
10453123	-1	2005	#cff6633扩展品质:#H(战神)#r#I攻击目标#G20%#I触发#r#cff66cc扩展技能：#B(兽王咆哮)#r#R周围#G15米#R，最多#G20个目标#R受到毒阵#G伤害6191点	1	1	0
10453124	-1	2005	#cff6633扩展品质:#H(魔神)#r#I攻击目标#G21%#I触发#r#cff66cc扩展技能：#B(兽王咆哮)#r#R周围#G15米#R，最多#G20个目标#R受到毒阵#G伤害7430点	1	1	0
10453125	-1	2005	#cff6633扩展品质:#H(至尊)#r#I攻击目标#G22%#I触发#r#cff66cc扩展技能：#B(兽王咆哮)#r#R周围#G15米#R，最多#G20个目标#R受到毒阵#G伤害8916点	1	1	0
						
10453126	-1	2005	#cff6633扩展品质:#H(新手)#r#I受到伤害#G20%#I触发#r#cff66cc扩展技能：#B(借力打力)#r#R按照所受到的伤害#G10%反弹#R攻击者	1	1	0
10453127	-1	2005	#cff6633扩展品质:#H(省略)#r#I受到伤害#G22%#I触发#r#cff66cc扩展技能：#B(借力打力)#r#R按照所受到的伤害#G20%反弹#R攻击者	1	1	0
10453128	-1	2005	#cff6633扩展品质:#H(普通)#r#I受到伤害#G24%#I触发#r#cff66cc扩展技能：#B(借力打力)#r#R按照所受到的伤害#G30%反弹#R攻击者	1	1	0
10453129	-1	2005	#cff6633扩展品质:#H(优秀)#r#I受到伤害#G26%#I触发#r#cff66cc扩展技能：#B(借力打力)#r#R按照所受到的伤害#G40%反弹#R攻击者	1	1	0
10453130	-1	2005	#cff6633扩展品质:#H(精良)#r#I受到伤害#G28%#I触发#r#cff66cc扩展技能：#B(借力打力)#r#R按照所受到的伤害#G50%反弹#R攻击者	1	1	0
10453131	-1	2005	#cff6633扩展品质:#H(极品)#r#I受到伤害#G30%#I触发#r#cff66cc扩展技能：#B(借力打力)#r#R按照所受到的伤害#G60%反弹#R攻击者	1	1	0
10453132	-1	2005	#cff6633扩展品质:#H(史诗)#r#I受到伤害#G32%#I触发#r#cff66cc扩展技能：#B(借力打力)#r#R按照所受到的伤害#G70%反弹#R攻击者	1	1	0
10453133	-1	2005	#cff6633扩展品质:#H(传说)#r#I受到伤害#G34%#I触发#r#cff66cc扩展技能：#B(借力打力)#r#R按照所受到的伤害#G80%反弹#R攻击者	1	1	0
10453134	-1	2005	#cff6633扩展品质:#H(神器)#r#I受到伤害#G36%#I触发#r#cff66cc扩展技能：#B(借力打力)#r#R按照所受到的伤害#G90%反弹#R攻击者	1	1	0
10453135	-1	2005	#cff6633扩展品质:#H(魔王)#r#I受到伤害#G38%#I触发#r#cff66cc扩展技能：#B(借力打力)#r#R按照所受到的伤害#G100%反弹#R攻击者	1	1	0
10453136	-1	2005	#cff6633扩展品质:#H(战神)#r#I受到伤害#G40%#I触发#r#cff66cc扩展技能：#B(借力打力)#r#R按照所受到的伤害#G110%反弹#R攻击者	1	1	0
10453137	-1	2005	#cff6633扩展品质:#H(魔神)#r#I受到伤害#G42%#I触发#r#cff66cc扩展技能：#B(借力打力)#r#R按照所受到的伤害#G120%反弹#R攻击者	1	1	0
10453138	-1	2005	#cff6633扩展品质:#H(至尊)#r#I受到伤害#G44%#I触发#r#cff66cc扩展技能：#B(借力打力)#r#R按照所受到的伤害#G130%反弹#R攻击者	1	1	0
						
10453139	-1	2005	#cff6633扩展品质:#H(新手)#r#I攻击目标#G10%#I触发#r#cff66cc扩展技能：#B(天衍百脉)#r#R按照伤害吸取#G10%气#R为已用	1	1	0
10453140	-1	2005	#cff6633扩展品质:#H(省略)#r#I攻击目标#G11%#I触发#r#cff66cc扩展技能：#B(天衍百脉)#r#R按照伤害吸取#G20%气#R为已用	1	1	0
10453141	-1	2005	#cff6633扩展品质:#H(普通)#r#I攻击目标#G12%#I触发#r#cff66cc扩展技能：#B(天衍百脉)#r#R按照伤害吸取#G30%气#R为已用	1	1	0
10453142	-1	2005	#cff6633扩展品质:#H(优秀)#r#I攻击目标#G13%#I触发#r#cff66cc扩展技能：#B(天衍百脉)#r#R按照伤害吸取#G40%气#R为已用	1	1	0
10453143	-1	2005	#cff6633扩展品质:#H(精良)#r#I攻击目标#G14%#I触发#r#cff66cc扩展技能：#B(天衍百脉)#r#R按照伤害吸取#G50%气#R为已用	1	1	0
10453144	-1	2005	#cff6633扩展品质:#H(极品)#r#I攻击目标#G15%#I触发#r#cff66cc扩展技能：#B(天衍百脉)#r#R按照伤害吸取#G60%气#R为已用	1	1	0
10453145	-1	2005	#cff6633扩展品质:#H(史诗)#r#I攻击目标#G16%#I触发#r#cff66cc扩展技能：#B(天衍百脉)#r#R按照伤害吸取#G70%气#R为已用	1	1	0
10453146	-1	2005	#cff6633扩展品质:#H(传说)#r#I攻击目标#G17%#I触发#r#cff66cc扩展技能：#B(天衍百脉)#r#R按照伤害吸取#G80%气#R为已用	1	1	0
10453147	-1	2005	#cff6633扩展品质:#H(神器)#r#I攻击目标#G18%#I触发#r#cff66cc扩展技能：#B(天衍百脉)#r#R按照伤害吸取#G90%气#R为已用	1	1	0
10453148	-1	2005	#cff6633扩展品质:#H(魔王)#r#I攻击目标#G19%#I触发#r#cff66cc扩展技能：#B(天衍百脉)#r#R按照伤害吸取#G100%气#R为已用	1	1	0
10453149	-1	2005	#cff6633扩展品质:#H(战神)#r#I攻击目标#G20%#I触发#r#cff66cc扩展技能：#B(天衍百脉)#r#R按照伤害吸取#G110%气#R为已用	1	1	0
10453150	-1	2005	#cff6633扩展品质:#H(魔神)#r#I攻击目标#G21%#I触发#r#cff66cc扩展技能：#B(天衍百脉)#r#R按照伤害吸取#G120%气#R为已用	1	1	0
10453151	-1	2005	#cff6633扩展品质:#H(至尊)#r#I攻击目标#G22%#I触发#r#cff66cc扩展技能：#B(天衍百脉)#r#R按照伤害吸取#G130%气#R为已用	1	1	0
						
10453152	-1	2005	#cff6633扩展品质:#H(新手)#r#I攻击目标#G10%#I触发#r#cff66cc扩展技能：#B(凌厉一剑)#r#R当前生命值直接#G失血10%	1	1	0
10453153	-1	2005	#cff6633扩展品质:#H(省略)#r#I攻击目标#G11%#I触发#r#cff66cc扩展技能：#B(凌厉一剑)#r#R当前生命值直接#G失血11%	1	1	0
10453154	-1	2005	#cff6633扩展品质:#H(普通)#r#I攻击目标#G12%#I触发#r#cff66cc扩展技能：#B(凌厉一剑)#r#R当前生命值直接#G失血12%	1	1	0
10453155	-1	2005	#cff6633扩展品质:#H(优秀)#r#I攻击目标#G13%#I触发#r#cff66cc扩展技能：#B(凌厉一剑)#r#R当前生命值直接#G失血13%	1	1	0
10453156	-1	2005	#cff6633扩展品质:#H(精良)#r#I攻击目标#G14%#I触发#r#cff66cc扩展技能：#B(凌厉一剑)#r#R当前生命值直接#G失血14%	1	1	0
10453157	-1	2005	#cff6633扩展品质:#H(极品)#r#I攻击目标#G15%#I触发#r#cff66cc扩展技能：#B(凌厉一剑)#r#R当前生命值直接#G失血15%	1	1	0
10453158	-1	2005	#cff6633扩展品质:#H(史诗)#r#I攻击目标#G16%#I触发#r#cff66cc扩展技能：#B(凌厉一剑)#r#R当前生命值直接#G失血16%	1	1	0
10453159	-1	2005	#cff6633扩展品质:#H(传说)#r#I攻击目标#G17%#I触发#r#cff66cc扩展技能：#B(凌厉一剑)#r#R当前生命值直接#G失血17%	1	1	0
10453160	-1	2005	#cff6633扩展品质:#H(神器)#r#I攻击目标#G18%#I触发#r#cff66cc扩展技能：#B(凌厉一剑)#r#R当前生命值直接#G失血18%	1	1	0
10453161	-1	2005	#cff6633扩展品质:#H(魔王)#r#I攻击目标#G19%#I触发#r#cff66cc扩展技能：#B(凌厉一剑)#r#R当前生命值直接#G失血19%	1	1	0
10453162	-1	2005	#cff6633扩展品质:#H(战神)#r#I攻击目标#G20%#I触发#r#cff66cc扩展技能：#B(凌厉一剑)#r#R当前生命值直接#G失血20%	1	1	0
10453163	-1	2005	#cff6633扩展品质:#H(魔神)#r#I攻击目标#G21%#I触发#r#cff66cc扩展技能：#B(凌厉一剑)#r#R当前生命值直接#G失血21%	1	1	0
10453164	-1	2005	#cff6633扩展品质:#H(至尊)#r#I攻击目标#G22%#I触发#r#cff66cc扩展技能：#B(凌厉一剑)#r#R当前生命值直接#G失血22%	1	1	0
						
10453165	-1	2005	#cff6633扩展品质:#H(新手)#r#I攻击目标#G10%#I触发#r#cff66cc扩展技能：#B(如沐春风)#r#R按照伤害吸取#G10%血#R为已用	1	1	0
10453166	-1	2005	#cff6633扩展品质:#H(省略)#r#I攻击目标#G11%#I触发#r#cff66cc扩展技能：#B(如沐春风)#r#R按照伤害吸取#G20%血#R为已用	1	1	0
10453167	-1	2005	#cff6633扩展品质:#H(普通)#r#I攻击目标#G12%#I触发#r#cff66cc扩展技能：#B(如沐春风)#r#R按照伤害吸取#G30%血#R为已用	1	1	0
10453168	-1	2005	#cff6633扩展品质:#H(优秀)#r#I攻击目标#G13%#I触发#r#cff66cc扩展技能：#B(如沐春风)#r#R按照伤害吸取#G40%血#R为已用	1	1	0
10453169	-1	2005	#cff6633扩展品质:#H(精良)#r#I攻击目标#G14%#I触发#r#cff66cc扩展技能：#B(如沐春风)#r#R按照伤害吸取#G50%血#R为已用	1	1	0
10453170	-1	2005	#cff6633扩展品质:#H(极品)#r#I攻击目标#G15%#I触发#r#cff66cc扩展技能：#B(如沐春风)#r#R按照伤害吸取#G60%血#R为已用	1	1	0
10453171	-1	2005	#cff6633扩展品质:#H(史诗)#r#I攻击目标#G16%#I触发#r#cff66cc扩展技能：#B(如沐春风)#r#R按照伤害吸取#G70%血#R为已用	1	1	0
10453172	-1	2005	#cff6633扩展品质:#H(传说)#r#I攻击目标#G17%#I触发#r#cff66cc扩展技能：#B(如沐春风)#r#R按照伤害吸取#G80%血#R为已用	1	1	0
10453173	-1	2005	#cff6633扩展品质:#H(神器)#r#I攻击目标#G18%#I触发#r#cff66cc扩展技能：#B(如沐春风)#r#R按照伤害吸取#G90%血#R为已用	1	1	0
10453174	-1	2005	#cff6633扩展品质:#H(魔王)#r#I攻击目标#G19%#I触发#r#cff66cc扩展技能：#B(如沐春风)#r#R按照伤害吸取#G100%血#R为已用	1	1	0
10453175	-1	2005	#cff6633扩展品质:#H(战神)#r#I攻击目标#G20%#I触发#r#cff66cc扩展技能：#B(如沐春风)#r#R按照伤害吸取#G110%血#R为已用	1	1	0
10453176	-1	2005	#cff6633扩展品质:#H(魔神)#r#I攻击目标#G21%#I触发#r#cff66cc扩展技能：#B(如沐春风)#r#R按照伤害吸取#G120%血#R为已用	1	1	0
10453177	-1	2005	#cff6633扩展品质:#H(至尊)#r#I攻击目标#G22%#I触发#r#cff66cc扩展技能：#B(如沐春风)#r#R按照伤害吸取#G130%血#R为已用	1	1	0
						
10453178	-1	2005	#cff6633扩展品质:#H(新手)#r#I攻击目标#G10%#I触发#r#cff66cc扩展技能：#B(灵蛇出洞)#r#R周围#G15米#R受到伤害放大#G10%	1	1	0
10453179	-1	2005	#cff6633扩展品质:#H(省略)#r#I攻击目标#G11%#I触发#r#cff66cc扩展技能：#B(灵蛇出洞)#r#R周围#G15米#R受到伤害放大#G20%	1	1	0
10453180	-1	2005	#cff6633扩展品质:#H(普通)#r#I攻击目标#G12%#I触发#r#cff66cc扩展技能：#B(灵蛇出洞)#r#R周围#G15米#R受到伤害放大#G30%	1	1	0
10453181	-1	2005	#cff6633扩展品质:#H(优秀)#r#I攻击目标#G13%#I触发#r#cff66cc扩展技能：#B(灵蛇出洞)#r#R周围#G15米#R受到伤害放大#G40%	1	1	0
10453182	-1	2005	#cff6633扩展品质:#H(精良)#r#I攻击目标#G14%#I触发#r#cff66cc扩展技能：#B(灵蛇出洞)#r#R周围#G15米#R受到伤害放大#G50%	1	1	0
10453183	-1	2005	#cff6633扩展品质:#H(极品)#r#I攻击目标#G15%#I触发#r#cff66cc扩展技能：#B(灵蛇出洞)#r#R周围#G15米#R受到伤害放大#G60%	1	1	0
10453184	-1	2005	#cff6633扩展品质:#H(史诗)#r#I攻击目标#G16%#I触发#r#cff66cc扩展技能：#B(灵蛇出洞)#r#R周围#G15米#R受到伤害放大#G70%	1	1	0
10453185	-1	2005	#cff6633扩展品质:#H(传说)#r#I攻击目标#G17%#I触发#r#cff66cc扩展技能：#B(灵蛇出洞)#r#R周围#G15米#R受到伤害放大#G80%	1	1	0
10453186	-1	2005	#cff6633扩展品质:#H(神器)#r#I攻击目标#G18%#I触发#r#cff66cc扩展技能：#B(灵蛇出洞)#r#R周围#G15米#R受到伤害放大#G90%	1	1	0
10453187	-1	2005	#cff6633扩展品质:#H(魔王)#r#I攻击目标#G19%#I触发#r#cff66cc扩展技能：#B(灵蛇出洞)#r#R周围#G15米#R受到伤害放大#G100%	1	1	0
10453188	-1	2005	#cff6633扩展品质:#H(战神)#r#I攻击目标#G20%#I触发#r#cff66cc扩展技能：#B(灵蛇出洞)#r#R周围#G15米#R受到伤害放大#G110%	1	1	0
10453189	-1	2005	#cff6633扩展品质:#H(魔神)#r#I攻击目标#G21%#I触发#r#cff66cc扩展技能：#B(灵蛇出洞)#r#R周围#G15米#R受到伤害放大#G120%	1	1	0
10453190	-1	2005	#cff6633扩展品质:#H(至尊)#r#I攻击目标#G22%#I触发#r#cff66cc扩展技能：#B(灵蛇出洞)#r#R周围#G15米#R受到伤害放大#G130%	1	1	0
						
10453191	-1	2005	#cff6633扩展品质:#H(新手)#r#I受到伤害#G20%#I触发#r#cff66cc扩展技能：#B(真阳护体)#r#R减少自身受到的伤害#G5%	1	1	0
10453192	-1	2005	#cff6633扩展品质:#H(省略)#r#I受到伤害#G22%#I触发#r#cff66cc扩展技能：#B(真阳护体)#r#R减少自身受到的伤害#G10%	1	1	0
10453193	-1	2005	#cff6633扩展品质:#H(普通)#r#I受到伤害#G24%#I触发#r#cff66cc扩展技能：#B(真阳护体)#r#R减少自身受到的伤害#G15%	1	1	0
10453194	-1	2005	#cff6633扩展品质:#H(优秀)#r#I受到伤害#G26%#I触发#r#cff66cc扩展技能：#B(真阳护体)#r#R减少自身受到的伤害#G20%	1	1	0
10453195	-1	2005	#cff6633扩展品质:#H(精良)#r#I受到伤害#G28%#I触发#r#cff66cc扩展技能：#B(真阳护体)#r#R减少自身受到的伤害#G25%	1	1	0
10453196	-1	2005	#cff6633扩展品质:#H(极品)#r#I受到伤害#G30%#I触发#r#cff66cc扩展技能：#B(真阳护体)#r#R减少自身受到的伤害#G30%	1	1	0
10453197	-1	2005	#cff6633扩展品质:#H(史诗)#r#I受到伤害#G32%#I触发#r#cff66cc扩展技能：#B(真阳护体)#r#R减少自身受到的伤害#G35%	1	1	0
10453198	-1	2005	#cff6633扩展品质:#H(传说)#r#I受到伤害#G34%#I触发#r#cff66cc扩展技能：#B(真阳护体)#r#R减少自身受到的伤害#G40%	1	1	0
10453199	-1	2005	#cff6633扩展品质:#H(神器)#r#I受到伤害#G36%#I触发#r#cff66cc扩展技能：#B(真阳护体)#r#R减少自身受到的伤害#G45%	1	1	0
10453200	-1	2005	#cff6633扩展品质:#H(魔王)#r#I受到伤害#G38%#I触发#r#cff66cc扩展技能：#B(真阳护体)#r#R减少自身受到的伤害#G50%	1	1	0
10453201	-1	2005	#cff6633扩展品质:#H(战神)#r#I受到伤害#G40%#I触发#r#cff66cc扩展技能：#B(真阳护体)#r#R减少自身受到的伤害#G55%	1	1	0
10453202	-1	2005	#cff6633扩展品质:#H(魔神)#r#I受到伤害#G42%#I触发#r#cff66cc扩展技能：#B(真阳护体)#r#R减少自身受到的伤害#G60%	1	1	0
10453203	-1	2005	#cff6633扩展品质:#H(至尊)#r#I受到伤害#G44%#I触发#r#cff66cc扩展技能：#B(真阳护体)#r#R减少自身受到的伤害#G65%	1	1	0
						
10453204	-1	2005	#cff6633扩展品质:#H(新手)#r#I攻击目标#G10%#I触发#r#cff66cc扩展技能：#B(百邪不侵)#r#R虚弱血气上线降低#G20%	1	1	0
10453205	-1	2005	#cff6633扩展品质:#H(省略)#r#I攻击目标#G11%#I触发#r#cff66cc扩展技能：#B(百邪不侵)#r#R虚弱血气上线降低#G22%	1	1	0
10453206	-1	2005	#cff6633扩展品质:#H(普通)#r#I攻击目标#G12%#I触发#r#cff66cc扩展技能：#B(百邪不侵)#r#R虚弱血气上线降低#G24%	1	1	0
10453207	-1	2005	#cff6633扩展品质:#H(优秀)#r#I攻击目标#G13%#I触发#r#cff66cc扩展技能：#B(百邪不侵)#r#R虚弱血气上线降低#G26%	1	1	0
10453208	-1	2005	#cff6633扩展品质:#H(精良)#r#I攻击目标#G14%#I触发#r#cff66cc扩展技能：#B(百邪不侵)#r#R虚弱血气上线降低#G28%	1	1	0
10453209	-1	2005	#cff6633扩展品质:#H(极品)#r#I攻击目标#G15%#I触发#r#cff66cc扩展技能：#B(百邪不侵)#r#R虚弱血气上线降低#G30%	1	1	0
10453210	-1	2005	#cff6633扩展品质:#H(史诗)#r#I攻击目标#G16%#I触发#r#cff66cc扩展技能：#B(百邪不侵)#r#R虚弱血气上线降低#G32%	1	1	0
10453211	-1	2005	#cff6633扩展品质:#H(传说)#r#I攻击目标#G17%#I触发#r#cff66cc扩展技能：#B(百邪不侵)#r#R虚弱血气上线降低#G34%	1	1	0
10453212	-1	2005	#cff6633扩展品质:#H(神器)#r#I攻击目标#G18%#I触发#r#cff66cc扩展技能：#B(百邪不侵)#r#R虚弱血气上线降低#G36%	1	1	0
10453213	-1	2005	#cff6633扩展品质:#H(魔王)#r#I攻击目标#G19%#I触发#r#cff66cc扩展技能：#B(百邪不侵)#r#R虚弱血气上线降低#G38%	1	1	0
10453214	-1	2005	#cff6633扩展品质:#H(战神)#r#I攻击目标#G20%#I触发#r#cff66cc扩展技能：#B(百邪不侵)#r#R虚弱血气上线降低#G40%	1	1	0
10453215	-1	2005	#cff6633扩展品质:#H(魔神)#r#I攻击目标#G21%#I触发#r#cff66cc扩展技能：#B(百邪不侵)#r#R虚弱血气上线降低#G42%	1	1	0
10453216	-1	2005	#cff6633扩展品质:#H(至尊)#r#I攻击目标#G22%#I触发#r#cff66cc扩展技能：#B(百邪不侵)#r#R虚弱血气上线降低#G44%	1	1	0
						
10453217	-1	2005	#cff6633扩展品质:#H(新手)#r#I受到伤害#G20%#I触发#r#cff66cc扩展技能：#B(斗转星移)#r#R受到伤害后根据自身攻击将#G反击攻击者	1	1	0
10453218	-1	2005	#cff6633扩展品质:#H(省略)#r#I受到伤害#G22%#I触发#r#cff66cc扩展技能：#B(斗转星移)#r#R受到伤害后根据自身攻击将#G反击攻击者	1	1	0
10453219	-1	2005	#cff6633扩展品质:#H(普通)#r#I受到伤害#G24%#I触发#r#cff66cc扩展技能：#B(斗转星移)#r#R受到伤害后根据自身攻击将#G反击攻击者	1	1	0
10453220	-1	2005	#cff6633扩展品质:#H(优秀)#r#I受到伤害#G26%#I触发#r#cff66cc扩展技能：#B(斗转星移)#r#R受到伤害后根据自身攻击将#G反击攻击者	1	1	0
10453221	-1	2005	#cff6633扩展品质:#H(精良)#r#I受到伤害#G28%#I触发#r#cff66cc扩展技能：#B(斗转星移)#r#R受到伤害后根据自身攻击将#G反击攻击者	1	1	0
10453222	-1	2005	#cff6633扩展品质:#H(极品)#r#I受到伤害#G30%#I触发#r#cff66cc扩展技能：#B(斗转星移)#r#R受到伤害后根据自身攻击将#G反击攻击者	1	1	0
10453223	-1	2005	#cff6633扩展品质:#H(史诗)#r#I受到伤害#G32%#I触发#r#cff66cc扩展技能：#B(斗转星移)#r#R受到伤害后根据自身攻击将#G反击攻击者	1	1	0
10453224	-1	2005	#cff6633扩展品质:#H(传说)#r#I受到伤害#G34%#I触发#r#cff66cc扩展技能：#B(斗转星移)#r#R受到伤害后根据自身攻击将#G反击攻击者	1	1	0
10453225	-1	2005	#cff6633扩展品质:#H(神器)#r#I受到伤害#G36%#I触发#r#cff66cc扩展技能：#B(斗转星移)#r#R受到伤害后根据自身攻击将#G反击攻击者	1	1	0
10453226	-1	2005	#cff6633扩展品质:#H(魔王)#r#I受到伤害#G38%#I触发#r#cff66cc扩展技能：#B(斗转星移)#r#R受到伤害后根据自身攻击将#G反击攻击者	1	1	0
10453227	-1	2005	#cff6633扩展品质:#H(战神)#r#I受到伤害#G40%#I触发#r#cff66cc扩展技能：#B(斗转星移)#r#R受到伤害后根据自身攻击将#G反击攻击者	1	1	0
10453228	-1	2005	#cff6633扩展品质:#H(魔神)#r#I受到伤害#G42%#I触发#r#cff66cc扩展技能：#B(斗转星移)#r#R受到伤害后根据自身攻击将#G反击攻击者	1	1	0
10453229	-1	2005	#cff6633扩展品质:#H(至尊)#r#I受到伤害#G44%#I触发#r#cff66cc扩展技能：#B(斗转星移)#r#R受到伤害后根据自身攻击将#G反击攻击者	1	1	0
						
10453230	-1	2005	#cff6633扩展品质:#H(新手)#r#I攻击目标#G1%#I触发#r#cff66cc扩展技能：#B(重楼遮目)#r#R将目标#G失明#R，随机区域移动。持续#G8秒	1	1	0
10453231	-1	2005	#cff6633扩展品质:#H(省略)#r#I攻击目标#G2%#I触发#r#cff66cc扩展技能：#B(重楼遮目)#r#R将目标#G失明#R，随机区域移动。持续#G8秒	1	1	0
10453232	-1	2005	#cff6633扩展品质:#H(普通)#r#I攻击目标#G3%#I触发#r#cff66cc扩展技能：#B(重楼遮目)#r#R将目标#G失明#R，随机区域移动。持续#G8秒	1	1	0
10453233	-1	2005	#cff6633扩展品质:#H(优秀)#r#I攻击目标#G3%#I触发#r#cff66cc扩展技能：#B(重楼遮目)#r#R将目标#G失明#R，随机区域移动。持续#G8秒#R并自身全属性攻击增+500	1	1	0
10453234	-1	2005	#cff6633扩展品质:#H(精良)#r#I攻击目标#G3%#I触发#r#cff66cc扩展技能：#B(重楼遮目)#r#R将目标#G失明#R，随机区域移动。持续#G8秒#R并自身全属性攻击增+1000	1	1	0
10453235	-1	2005	#cff6633扩展品质:#H(极品)#r#I攻击目标#G3%#I触发#r#cff66cc扩展技能：#B(重楼遮目)#r#R将目标#G失明#R，随机区域移动。持续#G8秒#R并自身全属性攻击增+1500	1	1	0
10453236	-1	2005	#cff6633扩展品质:#H(史诗)#r#I攻击目标#G3%#I触发#r#cff66cc扩展技能：#B(重楼遮目)#r#R将目标#G失明#R，随机区域移动。持续#G8秒#R并自身全属性攻击增+2000	1	1	0
10453237	-1	2005	#cff6633扩展品质:#H(传说)#r#I攻击目标#G3%#I触发#r#cff66cc扩展技能：#B(重楼遮目)#r#R将目标#G失明#R，随机区域移动。持续#G8秒#R并自身全属性攻击增+3000	1	1	0
10453238	-1	2005	#cff6633扩展品质:#H(神器)#r#I攻击目标#G3%#I触发#r#cff66cc扩展技能：#B(重楼遮目)#r#R将目标#G失明#R，随机区域移动。持续#G8秒#R并自身全属性攻击增+4000	1	1	0
10453239	-1	2005	#cff6633扩展品质:#H(魔王)#r#I攻击目标#G3%#I触发#r#cff66cc扩展技能：#B(重楼遮目)#r#R将目标#G失明#R，随机区域移动。持续#G8秒#R并自身全属性攻击增+5000	1	1	0
10453240	-1	2005	#cff6633扩展品质:#H(战神)#r#I攻击目标#G3%#I触发#r#cff66cc扩展技能：#B(重楼遮目)#r#R将目标#G失明#R，随机区域移动。持续#G8秒#R并自身全属性攻击增+6000	1	1	0
10453241	-1	2005	#cff6633扩展品质:#H(魔神)#r#I攻击目标#G3%#I触发#r#cff66cc扩展技能：#B(重楼遮目)#r#R将目标#G失明#R，随机区域移动。持续#G8秒#R并自身全属性攻击增+7000	1	1	0
10453242	-1	2005	#cff6633扩展品质:#H(至尊)#r#I攻击目标#G3%#I触发#r#cff66cc扩展技能：#B(重楼遮目)#r#R将目标#G失明#R，随机区域移动。持续#G8秒#R并自身全属性攻击增+8000	1	1	0
						
10453243	-1	2005	#cff6633扩展品质:#H(新手)#r#I攻击目标#G1%#I触发#r#cff66cc扩展技能：#B(重楼望月)#r#R将目标#G封穴#R，无法动弹。持续#G8秒	1	1	0
10453244	-1	2005	#cff6633扩展品质:#H(省略)#r#I攻击目标#G2%#I触发#r#cff66cc扩展技能：#B(重楼望月)#r#R将目标#G封穴#R，无法动弹。持续#G8秒	1	1	0
10453245	-1	2005	#cff6633扩展品质:#H(普通)#r#I攻击目标#G3%#I触发#r#cff66cc扩展技能：#B(重楼望月)#r#R将目标#G封穴#R，无法动弹。持续#G8秒	1	1	0
10453246	-1	2005	#cff6633扩展品质:#H(优秀)#r#I攻击目标#G3%#I触发#r#cff66cc扩展技能：#B(重楼望月)#r#R将目标#G封穴#R，无法动弹。持续#G8秒#R并自身全属性攻击增+500	1	1	0
10453247	-1	2005	#cff6633扩展品质:#H(精良)#r#I攻击目标#G3%#I触发#r#cff66cc扩展技能：#B(重楼望月)#r#R将目标#G封穴#R，无法动弹。持续#G8秒#R并自身全属性攻击增+1000	1	1	0
10453248	-1	2005	#cff6633扩展品质:#H(极品)#r#I攻击目标#G3%#I触发#r#cff66cc扩展技能：#B(重楼望月)#r#R将目标#G封穴#R，无法动弹。持续#G8秒#R并自身全属性攻击增+1500	1	1	0
10453249	-1	2005	#cff6633扩展品质:#H(史诗)#r#I攻击目标#G3%#I触发#r#cff66cc扩展技能：#B(重楼望月)#r#R将目标#G封穴#R，无法动弹。持续#G8秒#R并自身全属性攻击增+2000	1	1	0
10453250	-1	2005	#cff6633扩展品质:#H(传说)#r#I攻击目标#G3%#I触发#r#cff66cc扩展技能：#B(重楼望月)#r#R将目标#G封穴#R，无法动弹。持续#G8秒#R并自身全属性攻击增+3000	1	1	0
10453251	-1	2005	#cff6633扩展品质:#H(神器)#r#I攻击目标#G3%#I触发#r#cff66cc扩展技能：#B(重楼望月)#r#R将目标#G封穴#R，无法动弹。持续#G8秒#R并自身全属性攻击增+4000	1	1	0
10453252	-1	2005	#cff6633扩展品质:#H(魔王)#r#I攻击目标#G3%#I触发#r#cff66cc扩展技能：#B(重楼望月)#r#R将目标#G封穴#R，无法动弹。持续#G8秒#R并自身全属性攻击增+5000	1	1	0
10453253	-1	2005	#cff6633扩展品质:#H(战神)#r#I攻击目标#G3%#I触发#r#cff66cc扩展技能：#B(重楼望月)#r#R将目标#G封穴#R，无法动弹。持续#G8秒#R并自身全属性攻击增+6000	1	1	0
10453254	-1	2005	#cff6633扩展品质:#H(魔神)#r#I攻击目标#G3%#I触发#r#cff66cc扩展技能：#B(重楼望月)#r#R将目标#G封穴#R，无法动弹。持续#G8秒#R并自身全属性攻击增+7000	1	1	0
10453255	-1	2005	#cff6633扩展品质:#H(至尊)#r#I攻击目标#G3%#I触发#r#cff66cc扩展技能：#B(重楼望月)#r#R将目标#G封穴#R，无法动弹。持续#G8秒#R并自身全属性攻击增+8000	1	1	0
						
10453256	-1	2005	#cff6633扩展品质:#H(新手)#r#I攻击目标#G1%#I触发#r#cff66cc扩展技能：#B(重楼逆天)#r#R将目标#G封穴#R，无法动弹。持续#G8秒	1	1	0
10453257	-1	2005	#cff6633扩展品质:#H(省略)#r#I攻击目标#G2%#I触发#r#cff66cc扩展技能：#B(重楼逆天)#r#R将目标#G封穴#R，无法动弹。持续#G8秒	1	1	0
10453258	-1	2005	#cff6633扩展品质:#H(普通)#r#I攻击目标#G3%#I触发#r#cff66cc扩展技能：#B(重楼逆天)#r#R将目标#G封穴#R，无法动弹。持续#G8秒	1	1	0
10453259	-1	2005	#cff6633扩展品质:#H(优秀)#r#I攻击目标#G3%#I触发#r#cff66cc扩展技能：#B(重楼逆天)#r#R将目标#G封穴#R，无法动弹。持续#G8秒#R并自身全属性攻击增+500	1	1	0
10453260	-1	2005	#cff6633扩展品质:#H(精良)#r#I攻击目标#G3%#I触发#r#cff66cc扩展技能：#B(重楼逆天)#r#R将目标#G封穴#R，无法动弹。持续#G8秒#R并自身全属性攻击增+1000	1	1	0
10453261	-1	2005	#cff6633扩展品质:#H(极品)#r#I攻击目标#G3%#I触发#r#cff66cc扩展技能：#B(重楼逆天)#r#R将目标#G封穴#R，无法动弹。持续#G8秒#R并自身全属性攻击增+1500	1	1	0
10453262	-1	2005	#cff6633扩展品质:#H(史诗)#r#I攻击目标#G3%#I触发#r#cff66cc扩展技能：#B(重楼逆天)#r#R将目标#G封穴#R，无法动弹。持续#G8秒#R并自身全属性攻击增+2000	1	1	0
10453263	-1	2005	#cff6633扩展品质:#H(传说)#r#I攻击目标#G3%#I触发#r#cff66cc扩展技能：#B(重楼逆天)#r#R将目标#G封穴#R，无法动弹。持续#G8秒#R并自身全属性攻击增+3000	1	1	0
10453264	-1	2005	#cff6633扩展品质:#H(神器)#r#I攻击目标#G3%#I触发#r#cff66cc扩展技能：#B(重楼逆天)#r#R将目标#G封穴#R，无法动弹。持续#G8秒#R并自身全属性攻击增+4000	1	1	0
10453265	-1	2005	#cff6633扩展品质:#H(魔王)#r#I攻击目标#G3%#I触发#r#cff66cc扩展技能：#B(重楼逆天)#r#R将目标#G封穴#R，无法动弹。持续#G8秒#R并自身全属性攻击增+5000	1	1	0
10453266	-1	2005	#cff6633扩展品质:#H(战神)#r#I攻击目标#G3%#I触发#r#cff66cc扩展技能：#B(重楼逆天)#r#R将目标#G封穴#R，无法动弹。持续#G8秒#R并自身全属性攻击增+6000	1	1	0
10453267	-1	2005	#cff6633扩展品质:#H(魔神)#r#I攻击目标#G3%#I触发#r#cff66cc扩展技能：#B(重楼逆天)#r#R将目标#G封穴#R，无法动弹。持续#G8秒#R并自身全属性攻击增+7000	1	1	0
10453268	-1	2005	#cff6633扩展品质:#H(至尊)#r#I攻击目标#G3%#I触发#r#cff66cc扩展技能：#B(重楼逆天)#r#R将目标#G封穴#R，无法动弹。持续#G8秒#R并自身全属性攻击增+8000	1	1	0
						
10453269	-1	2005	#cff6633扩展品质:#H(新手)#r#I攻击目标#G10%#I触发#r#cff66cc扩展技能：#B(冰火玄毒)#r#R将目标#G破抗，所有抗性-100	1	1	0
10453270	-1	2005	#cff6633扩展品质:#H(省略)#r#I攻击目标#G10%#I触发#r#cff66cc扩展技能：#B(冰火玄毒)#r#R将目标#G破抗，所有抗性-200	1	1	0
10453271	-1	2005	#cff6633扩展品质:#H(普通)#r#I攻击目标#G11%#I触发#r#cff66cc扩展技能：#B(冰火玄毒)#r#R将目标#G破抗，所有抗性-300	1	1	0
10453272	-1	2005	#cff6633扩展品质:#H(优秀)#r#I攻击目标#G11%#I触发#r#cff66cc扩展技能：#B(冰火玄毒)#r#R将目标#G破抗，所有抗性-400	1	1	0
10453273	-1	2005	#cff6633扩展品质:#H(精良)#r#I攻击目标#G12%#I触发#r#cff66cc扩展技能：#B(冰火玄毒)#r#R将目标#G破抗，所有抗性-500	1	1	0
10453274	-1	2005	#cff6633扩展品质:#H(极品)#r#I攻击目标#G12%#I触发#r#cff66cc扩展技能：#B(冰火玄毒)#r#R将目标#G破抗，所有抗性-600	1	1	0
10453275	-1	2005	#cff6633扩展品质:#H(史诗)#r#I攻击目标#G13%#I触发#r#cff66cc扩展技能：#B(冰火玄毒)#r#R将目标#G破抗，所有抗性-700	1	1	0
10453276	-1	2005	#cff6633扩展品质:#H(传说)#r#I攻击目标#G13%#I触发#r#cff66cc扩展技能：#B(冰火玄毒)#r#R将目标#G破抗，所有抗性-800	1	1	0
10453277	-1	2005	#cff6633扩展品质:#H(神器)#r#I攻击目标#G14%#I触发#r#cff66cc扩展技能：#B(冰火玄毒)#r#R将目标#G破抗，所有抗性-900	1	1	0
10453278	-1	2005	#cff6633扩展品质:#H(魔王)#r#I攻击目标#G14%#I触发#r#cff66cc扩展技能：#B(冰火玄毒)#r#R将目标#G破抗，所有抗性-1000	1	1	0
10453279	-1	2005	#cff6633扩展品质:#H(战神)#r#I攻击目标#G15%#I触发#r#cff66cc扩展技能：#B(冰火玄毒)#r#R将目标#G破抗，所有抗性-1100	1	1	0
10453280	-1	2005	#cff6633扩展品质:#H(魔神)#r#I攻击目标#G15%#I触发#r#cff66cc扩展技能：#B(冰火玄毒)#r#R将目标#G破抗，所有抗性-1200	1	1	0
10453281	-1	2005	#cff6633扩展品质:#H(至尊)#r#I攻击目标#G16%#I触发#r#cff66cc扩展技能：#B(冰火玄毒)#r#R将目标#G破抗，所有抗性-1300	1	1	0
20101001	-1	-1	-1	0	1	0
20101002	-1	-1	-1	0	1	0
20101003	-1	-1	-1	0	1	0
20101004	-1	-1	-1	0	1	0
20101005	-1	-1	-1	0	1	0
20101006	-1	-1	-1	0	1	0
20101007	-1	-1	-1	0	1	0
20101008	-1	-1	-1	0	1	0
20101009	-1	-1	-1	0	1	0
20101010	-1	-1	-1	0	1	0
20101011	-1	-1	-1	0	1	0
20101012	-1	-1	-1	0	1	0
20101013	-1	-1	-1	0	1	0
20101014	-1	-1	-1	0	1	0
20101015	-1	-1	-1	0	1	0
20101016	-1	-1	-1	0	1	0
20101017	-1	-1	-1	0	1	0
20101018	-1	-1	-1	0	1	0
20101019	-1	-1	-1	0	1	0
20101020	-1	-1	-1	0	1	0
20101021	-1	-1	-1	0	1	0
20101022	-1	-1	-1	0	1	0
20101023	-1	-1	-1	0	1	0
20101024	-1	-1	-1	0	1	0
20101025	-1	-1	-1	0	1	0
20101026	-1	-1	-1	0	1	0
20101027	-1	-1	-1	0	1	0
20101028	-1	-1	-1	0	1	0
20101029	-1	-1	-1	0	1	0
20101030	-1	-1	-1	0	1	0
20101031	-1	-1	-1	0	1	0
20101032	-1	-1	-1	0	1	0
20101033	-1	-1	-1	0	1	0
20101034	-1	-1	-1	0	1	0
20101035	-1	-1	-1	0	1	0
20101036	-1	-1	-1	0	1	0
20101037	-1	-1	-1	0	1	0
20101038	-1	-1	-1	0	1	0
20101039	-1	-1	-1	0	1	0
20101040	-1	-1	-1	0	1	0
20101041	-1	-1	-1	0	1	0
20101042	-1	-1	-1	0	1	0
20101043	-1	-1	-1	0	1	0
20101044	-1	-1	-1	0	1	0
20101045	-1	-1	-1	0	1	0
20101046	-1	-1	-1	0	1	0
20101047	-1	-1	-1	0	1	0
20101048	-1	-1	-1	0	1	0
20101049	-1	-1	-1	0	1	0
20101050	-1	-1	-1	0	1	0
20101051	-1	-1	-1	0	1	0
20101052	-1	-1	-1	0	1	0
20101053	-1	-1	-1	0	1	0
20102052	-1	-1	-1	0	1	0
20102053	-1	-1	-1	0	1	0
20102054	-1	-1	-1	0	1	0
20102055	-1	-1	-1	0	1	0
20102056	-1	-1	-1	0	1	0
20102057	-1	-1	-1	0	1	0
20102058	-1	-1	-1	0	1	0
20102059	-1	-1	-1	0	1	0
20102060	-1	-1	-1	0	1	0
20102061	-1	-1	-1	0	1	0
20102062	-1	-1	-1	0	1	0
20102063	-1	-1	-1	0	1	0
20102064	-1	-1	-1	0	1	0
20102065	-1	-1	-1	0	1	0
20102066	-1	-1	-1	0	1	0
20102067	-1	-1	-1	0	1	0
20102068	-1	-1	-1	0	1	0
20102069	-1	-1	-1	0	1	0
20102070	-1	-1	-1	0	1	0
20102071	-1	-1	-1	0	1	0
20102072	-1	-1	-1	0	1	0
20102073	-1	-1	-1	0	1	0
20102074	-1	-1	-1	0	1	0
20102075	-1	-1	-1	0	1	0
20102076	-1	-1	-1	0	1	0
20102077	-1	-1	-1	0	1	0
20102078	-1	-1	-1	0	1	0
20102079	-1	-1	-1	0	1	0
20102080	-1	-1	-1	0	1	0
20103001	-1	-1	-1	0	1	0
20103002	-1	-1	-1	0	1	0
20103003	-1	-1	-1	0	1	0
20103004	-1	-1	-1	0	1	0
20103005	-1	-1	-1	0	1	0
20103006	-1	-1	-1	0	1	0
20103007	-1	-1	-1	0	1	0
20103008	-1	-1	-1	0	1	0
20103009	-1	-1	-1	0	1	0
20103010	-1	-1	-1	0	1	0
20103011	-1	-1	-1	0	1	0
20103012	-1	-1	-1	0	1	0
20103013	-1	-1	-1	0	1	0
20103014	-1	-1	-1	0	1	0
20103015	-1	-1	-1	0	1	0
20103016	-1	-1	-1	0	1	0
20103017	-1	-1	-1	0	1	0
20103018	-1	-1	-1	0	1	0
20103019	-1	-1	-1	0	1	0
20103020	-1	-1	-1	0	1	0
20103021	-1	-1	-1	0	1	0
20103022	-1	-1	-1	0	1	0
20103023	-1	-1	-1	0	1	0
20103024	-1	-1	-1	0	1	0
20103025	-1	-1	-1	0	1	0
20103026	-1	-1	-1	0	1	0
20103027	-1	-1	-1	0	1	0
20103028	-1	-1	-1	0	1	0
20103029	-1	-1	-1	0	1	0
20103030	-1	-1	-1	0	1	0
20103031	-1	-1	-1	0	1	0
20103032	-1	-1	-1	0	1	0
20103033	-1	-1	-1	0	1	0
20103034	-1	-1	-1	0	1	0
20103035	-1	-1	-1	0	1	0
20103036	-1	-1	-1	0	1	0
20103037	-1	-1	-1	0	1	0
20103038	-1	-1	-1	0	1	0
20103039	-1	-1	-1	0	1	0
20103040	-1	-1	-1	0	1	0
20103041	-1	-1	-1	0	1	0
20103042	-1	-1	-1	0	1	0
20103043	-1	-1	-1	0	1	0
20103044	-1	-1	-1	0	1	0
20103045	-1	-1	-1	0	1	0
20103046	-1	-1	-1	0	1	0
20103047	-1	-1	-1	0	1	0
20103048	-1	-1	-1	0	1	0
20103049	-1	-1	-1	0	1	0
20103050	-1	-1	-1	0	1	0
20103051	-1	-1	-1	0	1	0
20103052	-1	-1	-1	0	1	0
20103053	-1	-1	-1	0	1	0
20103054	-1	-1	-1	0	1	0
20103055	-1	-1	-1	0	1	0
20103056	-1	-1	-1	0	1	0
20103057	-1	-1	-1	0	1	0
20103058	-1	-1	-1	0	1	0
20103059	-1	-1	-1	0	1	0
20103060	-1	-1	-1	0	1	0
20103118	-1	-1	-1	0	1	0
20103119	-1	-1	-1	0	1	0
20103120	-1	-1	-1	0	1	0
20103121	-1	-1	-1	0	1	0
20103122	-1	-1	-1	0	1	0
20103123	-1	-1	-1	0	1	0
20103124	-1	-1	-1	0	1	0
20103125	-1	-1	-1	0	1	0
20103126	-1	-1	-1	0	1	0
20103127	-1	-1	-1	0	1	0
20103128	-1	-1	-1	0	1	0
20103129	-1	-1	-1	0	1	0
20103130	-1	-1	-1	0	1	0
20103131	-1	-1	-1	0	1	0
20103132	-1	-1	-1	0	1	0
20103133	-1	-1	-1	0	1	0
20103134	-1	-1	-1	0	1	0
20103135	-1	-1	-1	0	1	0
20103136	-1	-1	-1	0	1	0
20103137	-1	-1	-1	0	1	0
20301008	-1	-1	-1	0	0	0
20301009	-1	-1	-1	0	0	0
20301010	-1	-1	-1	0	0	0
20304005	-1	-1	-1	0	1	0
20304006	-1	-1	-1	0	1	0
20304007	-1	-1	-1	0	1	0
20304008	-1	-1	-1	0	1	0
20304009	-1	-1	-1	0	1	0
20304010	-1	-1	-1	0	1	0
20304011	-1	-1	-1	0	1	0
20304012	-1	-1	-1	0	1	0
20304013	-1	-1	-1	0	1	0
20304014	-1	-1	-1	0	1	0
20304015	-1	-1	-1	0	1	0
20304016	-1	-1	-1	0	1	0
20310113	-1	-1	-1	0	0	0
20310115	-1	-1	-1	0	0	0
20310117	-1	-1	-1	0	0	0
20310118	-1	-1	-1	0	0	0
20310119	-1	-1	-1	0	0	0
20310120	-1	-1	-1	0	0	0
20310121	-1	-1	-1	0	0	0
20310122	-1	-1	-1	0	0	0
20310123	-1	-1	-1	0	0	0
20310124	-1	-1	-1	0	0	0
20310125	-1	-1	-1	0	0	0
20310126	-1	-1	-1	0	0	0
20310127	-1	-1	-1	0	0	0
20310128	-1	-1	-1	0	0	0
20310129	-1	-1	-1	0	0	0
20310130	-1	-1	-1	0	0	0
20310131	-1	-1	-1	0	0	0
20310132	-1	-1	-1	0	0	0
20310133	-1	-1	-1	0	0	0
20310134	-1	-1	-1	0	0	0
20310135	-1	-1	-1	0	0	0
20310136	-1	-1	-1	0	0	0
20310137	-1	-1	-1	0	0	0
20310138	-1	-1	-1	0	0	0
20310139	-1	-1	-1	0	0	0
20310140	-1	-1	-1	0	0	0
20310141	-1	-1	-1	0	0	0
20310142	-1	-1	-1	0	0	0
20310143	-1	-1	-1	0	0	0
20310144	-1	-1	-1	0	0	0
20310145	-1	-1	-1	0	0	0
20310146	-1	-1	-1	0	0	0
20310147	-1	-1	-1	0	0	0
20310148	-1	-1	-1	0	0	0
20310149	-1	-1	-1	0	0	0
20310150	-1	-1	-1	0	0	0
20310151	-1	-1	-1	0	0	0
20310152	-1	-1	-1	0	0	0
20310153	-1	-1	-1	0	0	0
20310154	-1	-1	-1	0	0	0
20310155	-1	-1	-1	0	0	0
20310156	-1	-1	-1	0	0	0
20310157	-1	-1	-1	0	0	0
20310160	-1	-1	-1	0	0	0
20310166	-1	-1	-1	0	0	0
20310172	-1	-1	-1	0	0	0
20310176	-1	-1	-1	0	1	1
20310177	-1	-1	-1	0	1	1
20310178	-1	-1	-1	0	1	1
20310179	-1	-1	-1	0	1	1
20310180	-1	-1	-1	0	2	0
20310181	-1	-1	-1	0	1	1
20310182	-1	-1	-1	0	1	1
20310183	-1	-1	-1	0	1	1
20310184	-1	-1	-1	0	1	1
20310185	-1	-1	-1	0	2	0
20310186	-1	-1	-1	0	2	0
20310187	-1	-1	-1	0	2	0
20310188	-1	-1	-1	0	2	0
20310189	-1	-1	-1	0	2	0
20310190	-1	-1	-1	0	2	0
20310191	-1	-1	-1	0	2	0
20310193	-1	-1	-1	0	0	1
20700008	24	-1	-1	0	1	1
20700009	24	-1	-1	0	1	1
20700013	-1	-1	-1	0	1	1
20700018	-1	-1	-1	0	1	1
20700019	-1	-1	-1	0	1	1
20700020	-1	-1	-1	0	1	1
20700021	-1	-1	-1	0	1	1
20700022	-1	-1	-1	0	1	1
20700023	-1	-1	-1	0	1	1
20700024	-1	-1	-1	0	1	1
20700027	-1	-1	-1	0	1	1
20700029	5	-1	-1	0	1	1
20700038	-1	-1	-1	0	1	1
20700039	-1	-1	-1	0	1	1
20700040	-1	-1	-1	0	1	1
20700041	-1	-1	-1	0	1	1
20700042	-1	-1	-1	0	1	0
30001001	-1	-1	-1	0	1	1
30001002	-1	-1	-1	0	1	1
30001003	-1	-1	-1	0	1	1
30001004	-1	-1	-1	0	1	1
30001016	-1	-1	-1	0	1	1
30001017	-1	-1	-1	0	1	1
30001018	-1	-1	-1	0	1	1
30001031	-1	-1	-1	0	1	0
30001032	-1	-1	-1	0	1	0
30001033	-1	-1	-1	0	1	0
30001034	-1	-1	-1	0	1	0
30001035	-1	-1	-1	0	1	0
30001036	-1	-1	-1	0	1	0
30001037	-1	-1	-1	0	1	0
30002001	-1	-1	-1	0	1	1
30002002	-1	-1	-1	0	1	1
30002003	-1	-1	-1	0	1	1
30002004	-1	-1	-1	0	1	1
30002016	-1	-1	-1	0	1	1
30002017	-1	-1	-1	0	1	1
30002018	-1	-1	-1	0	1	1
30003001	-1	-1	-1	0	1	1
30003002	-1	-1	-1	0	1	1
30003003	-1	-1	-1	0	1	1
30003004	-1	-1	-1	0	1	1
30003005	-1	-1	-1	0	1	1
30003006	-1	-1	-1	0	1	1
30003007	-1	-1	-1	0	1	1
30003008	-1	-1	-1	0	1	1
30003009	-1	-1	-1	0	1	1
30003010	-1	-1	-1	0	1	1
30003021	-1	-1	-1	0	1	1
30003022	-1	-1	-1	0	1	1
30003023	-1	-1	-1	0	1	1
30007010	-1	-1	-1	0	1	0
30007011	-1	-1	-1	0	1	0
30007012	-1	-1	-1	0	1	0
30007013	-1	-1	-1	0	1	0
30007014	-1	-1	-1	0	1	0
30007015	-1	-1	-1	0	1	0
30007016	-1	-1	-1	0	1	0
30007017	-1	-1	-1	0	1	0
30007018	-1	-1	-1	0	1	0
30007019	-1	-1	-1	0	1	0
30007020	-1	-1	-1	0	1	0
30007021	-1	-1	-1	0	1	0
30007022	-1	-1	-1	0	1	0
30007023	-1	-1	-1	0	1	0
30007024	-1	-1	-1	0	1	0
30007025	-1	-1	-1	0	1	0
30007026	-1	-1	-1	0	1	0
30007027	-1	-1	-1	0	1	0
30008045	168	-1	-1	0	1	0
30008052	168	-1	-1	0	1	0
30008059	-1	-1	-1	0	1	1
30008060	-1	-1	-1	0	1	1
30008061	-1	-1	-1	0	1	1
30008062	-1	-1	-1	0	1	1
30008063	-1	-1	-1	0	1	1
30008064	-1	-1	-1	0	1	1
30008065	-1	-1	-1	0	1	1
30008066	-1	-1	-1	0	1	1
30008069	-1	-1	-1	0	0	1
30008071	-1	-1	-1	0	1	1
30008072	-1	-1	-1	0	1	1
30008073	-1	-1	-1	0	1	1
30008074	-1	-1	-1	0	1	1
30008075	-1	-1	-1	0	1	1
30008076	-1	-1	-1	0	1	1
30008077	-1	-1	-1	0	1	1
30008078	-1	-1	-1	0	1	1
30008079	-1	-1	-1	0	1	1
30008080	-1	-1	-1	0	1	1
30008096	-1	-1	-1	0	1	1
30008097	-1	-1	-1	0	1	1
30008098	-1	-1	-1	0	1	1
30008099	-1	-1	-1	0	1	1
30008100	-1	-1	-1	0	1	1
30008101	-1	-1	-1	0	1	1
30008102	-1	-1	-1	0	1	1
30008103	-1	-1	-1	0	1	1
30008106	-1	-1	-1	0	1	1
30008107	-1	-1	-1	0	1	1
30008108	-1	-1	-1	0	0	0
30008109	-1	-1	-1	0	1	1
30008110	-1	-1	-1	0	1	1
30008111	-1	-1	-1	0	1	1
30008112	-1	-1	-1	0	1	1
30008115	48	-1	-1	0	1	1
30008116	-1	-1	-1	0	1	0
30008117	-1	-1	-1	0	0	1
30008120	-1	-1	-1	0	1	1
30008133	-1	-1	-1	0	1	1
30008134	720	-1	-1	0	1	0
30008136	-1	-1	-1	0	1	1
30008137	-1	-1	-1	0	1	1
30008139	720	-1	-1	0	1	1
30101023	-1	-1	-1	0	1	1
30101024	-1	-1	-1	0	1	1
30101031	-1	-1	-1	0	1	1
30101032	-1	-1	-1	0	1	1
30101033	-1	-1	-1	0	1	1
30101034	-1	-1	-1	0	1	1
30101035	-1	-1	-1	0	1	1
30101036	-1	-1	-1	0	1	1
30101037	-1	-1	-1	0	1	1
30101038	-1	-1	-1	0	1	1
30101039	-1	-1	-1	0	1	1
30101040	-1	-1	-1	0	1	1
30101041	-1	-1	-1	0	1	1
30101042	-1	-1	-1	0	1	1
30101043	-1	-1	-1	0	1	1
30101044	-1	-1	-1	0	1	1
30101045	-1	-1	-1	0	1	1
30101046	-1	-1	-1	0	1	1
30101047	-1	-1	-1	0	1	1
30101048	-1	-1	-1	0	1	1
30101049	-1	-1	-1	0	1	1
30101050	-1	-1	-1	0	1	1
30101115	-1	-1	-1	0	1	1
30101116	-1	-1	-1	0	1	1
30101117	-1	-1	-1	0	1	1
30101118	-1	-1	-1	0	1	1
30101119	-1	-1	-1	0	1	1
30101120	-1	-1	-1	0	1	1
30101121	-1	-1	-1	0	1	1
30101122	-1	-1	-1	0	1	1
30101123	-1	-1	-1	0	1	1
30101124	-1	-1	-1	0	1	1
30101125	-1	-1	-1	0	1	1
30101126	-1	-1	-1	0	1	1
30101127	-1	-1	-1	0	1	1
30101128	-1	-1	-1	0	1	1
30101129	-1	-1	-1	0	1	1
30101130	-1	-1	-1	0	1	1
30101131	-1	-1	-1	0	1	1
30101132	-1	-1	-1	0	1	1
30101133	-1	-1	-1	0	1	1
30101134	-1	-1	-1	0	1	1
30101175	-1	-1	-1	0	1	0
30101176	-1	-1	-1	0	1	0
30101177	-1	-1	-1	0	1	0
30101178	-1	-1	-1	0	1	0
30102031	-1	-1	-1	0	1	0
30102032	-1	-1	-1	0	1	0
30102033	-1	-1	-1	0	1	0
30102034	-1	-1	-1	0	1	0
30102035	-1	-1	-1	0	1	0
30102036	-1	-1	-1	0	1	0
30102037	-1	-1	-1	0	1	0
30102038	-1	-1	-1	0	1	0
30102039	-1	-1	-1	0	1	0
30102040	-1	-1	-1	0	1	0
30102041	-1	-1	-1	0	1	0
30102042	-1	-1	-1	0	1	0
30102043	-1	-1	-1	0	1	0
30102044	-1	-1	-1	0	1	0
30102045	-1	-1	-1	0	1	0
30102046	-1	-1	-1	0	1	0
30102047	-1	-1	-1	0	1	0
30102048	-1	-1	-1	0	1	0
30102049	-1	-1	-1	0	1	0
30102050	-1	-1	-1	0	1	0
30102051	-1	-1	-1	0	1	0
30102052	-1	-1	-1	0	1	0
30102053	-1	-1	-1	0	1	0
30102054	-1	-1	-1	0	1	0
30102055	-1	-1	-1	0	1	0
30102056	-1	-1	-1	0	1	0
30102057	-1	-1	-1	0	1	0
30102058	-1	-1	-1	0	1	0
30102059	-1	-1	-1	0	1	0
30102060	-1	-1	-1	0	1	0
30103058	-1	-1	-1	0	1	1
30103059	-1	-1	-1	0	1	1
30103060	-1	-1	-1	0	1	1
30120001	720	-1	-1	0	1	1
30120002	720	-1	-1	0	1	1
30120003	720	-1	-1	0	1	1
30120004	720	-1	-1	0	1	1
30120005	720	-1	-1	0	1	1
30120006	720	-1	-1	0	1	1
30120007	720	-1	-1	0	1	1
30120008	720	-1	-1	0	1	1
30120009	720	-1	-1	0	1	1
30120010	720	-1	-1	0	1	1
30120011	720	-1	-1	0	1	1
30120012	720	-1	-1	0	1	1
30120013	720	-1	-1	0	1	1
30120014	720	-1	-1	0	1	1
30120015	720	-1	-1	0	1	1
30120016	720	-1	-1	0	1	1
30120017	720	-1	-1	0	1	1
30120018	720	-1	-1	0	1	1
30120019	720	-1	-1	0	1	1
30120020	720	-1	-1	0	1	1
30120021	720	-1	-1	0	1	1
30120022	720	-1	-1	0	1	1
30120023	720	-1	-1	0	1	1
30120024	720	-1	-1	0	1	1
30120025	720	-1	-1	0	1	1
30120026	720	-1	-1	0	1	1
30120027	720	-1	-1	0	1	1
30120028	720	-1	-1	0	1	1
30120029	720	-1	-1	0	1	1
30120030	720	-1	-1	0	1	1
30120031	720	-1	-1	0	1	1
30120032	720	-1	-1	0	1	1
30120033	720	-1	-1	0	1	1
30120034	720	-1	-1	0	1	1
30120035	720	-1	-1	0	1	1
30120036	720	-1	-1	0	1	1
30120037	720	-1	-1	0	1	1
30120038	720	-1	-1	0	1	1
30120039	720	-1	-1	0	1	1
30120040	720	-1	-1	0	1	1
30120041	720	-1	-1	0	1	1
30120042	720	-1	-1	0	1	1
30120043	720	-1	-1	0	1	1
30120044	720	-1	-1	0	1	1
30120045	720	-1	-1	0	1	1
30120046	720	-1	-1	0	1	1
30120047	720	-1	-1	0	1	1
30120048	720	-1	-1	0	1	1
30120049	720	-1	-1	0	1	1
30120050	720	-1	-1	0	1	1
30120051	720	-1	-1	0	1	1
30120052	720	-1	-1	0	1	1
30120053	720	-1	-1	0	1	1
30120054	720	-1	-1	0	1	1
30120055	720	-1	-1	0	1	1
30120056	720	-1	-1	0	1	1
30120057	720	-1	-1	0	1	1
30120058	720	-1	-1	0	1	1
30120059	720	-1	-1	0	1	1
30120060	720	-1	-1	0	1	1
30120061	720	-1	-1	0	1	1
30120062	720	-1	-1	0	1	1
30120063	720	-1	-1	0	1	1
30120064	720	-1	-1	0	1	1
30120065	720	-1	-1	0	1	1
30120066	720	-1	-1	0	1	1
30120067	720	-1	-1	0	1	1
30120068	720	-1	-1	0	1	1
30120069	720	-1	-1	0	1	1
30120070	720	-1	-1	0	1	1
30120071	720	-1	-1	0	1	1
30120072	720	-1	-1	0	1	1
30120073	720	-1	-1	0	1	1
30120074	720	-1	-1	0	1	1
30120075	720	-1	-1	0	1	1
30120076	720	-1	-1	0	1	1
30120077	720	-1	-1	0	1	1
30120078	720	-1	-1	0	1	1
30120079	720	-1	-1	0	1	1
30120080	720	-1	-1	0	1	1
30120081	720	-1	-1	0	1	1
30120082	720	-1	-1	0	1	1
30120083	720	-1	-1	0	1	1
30120084	720	-1	-1	0	1	1
30120085	720	-1	-1	0	1	1
30120086	720	-1	-1	0	1	1
30120087	720	-1	-1	0	1	1
30120088	720	-1	-1	0	1	1
30120089	720	-1	-1	0	1	1
30120090	720	-1	-1	0	1	1
30120091	720	-1	-1	0	1	1
30120092	720	-1	-1	0	1	1
30120093	720	-1	-1	0	1	1
30303001	-1	-1	-1	0	1	1
30303002	-1	-1	-1	0	1	1
30303003	-1	-1	-1	0	1	1
30303051	-1	-1	-1	0	1	1
30303052	-1	-1	-1	0	1	1
30303053	-1	-1	-1	0	1	1
30303064	-1	-1	-1	0	1	0
30303065	-1	-1	-1	0	1	0
30303066	-1	-1	-1	0	1	0
30303067	-1	-1	-1	0	1	0
30303068	-1	-1	-1	0	1	0
30303069	-1	-1	-1	0	1	0
30303070	-1	-1	-1	0	1	0
30303071	-1	-1	-1	0	1	0
30303072	-1	-1	-1	0	1	0
30303073	-1	-1	-1	0	1	0
30303074	-1	-1	-1	0	1	0
30303075	-1	-1	-1	0	1	0
30303076	-1	-1	-1	0	1	0
30303077	-1	-1	-1	0	1	0
30303078	-1	-1	-1	0	1	0
30303079	-1	-1	-1	0	1	0
30303080	-1	-1	-1	0	1	0
30303100	-1	-1	-1	0	1	1
30303101	-1	-1	-1	0	1	1
30303102	-1	-1	-1	0	1	1
30304030	-1	-1	-1	0	1	1
30304031	-1	-1	-1	0	1	1
30304032	-1	-1	-1	0	1	1
30304033	-1	-1	-1	0	1	1
30304034	-1	-1	-1	0	1	1
30304035	-1	-1	-1	0	1	1
30304036	-1	-1	-1	0	1	1
30304037	-1	-1	-1	0	1	1
30304038	-1	-1	-1	0	1	1
30304089	-1	-1	-1	0	1	0
30304090	-1	-1	-1	0	1	0
30304091	-1	-1	-1	0	1	0
30304092	-1	-1	-1	0	1	0
30304093	-1	-1	-1	0	1	0
30304094	-1	-1	-1	0	1	0
30304095	-1	-1	-1	0	1	0
30304096	-1	-1	-1	0	1	0
30304097	-1	-1	-1	0	1	0
30304098	-1	-1	-1	0	1	0
30304099	-1	-1	-1	0	1	0
30304100	-1	-1	-1	0	1	0
30304101	-1	-1	-1	0	1	0
30304102	-1	-1	-1	0	1	0
30304103	-1	-1	-1	0	1	0
30304104	-1	-1	-1	0	1	0
30304105	-1	-1	-1	0	1	0
30304106	-1	-1	-1	0	1	0
30304107	-1	-1	-1	0	1	0
30304108	-1	-1	-1	0	1	0
30304109	-1	-1	-1	0	1	0
30304110	-1	-1	-1	0	1	0
30304111	-1	-1	-1	0	1	0
30304112	-1	-1	-1	0	1	0
30308072	-1	-1	-1	0	1	1
30309056	-1	-1	-1	0	1	1
30501001	-1	-1	-1	0	1	1
30501100	720	-1	-1	0	1	0
30501104	-1	-1	-1	0	1	1
30501107	168	-1	-1	0	1	0
30501108	168	-1	-1	0	1	0
30501109	168	-1	-1	0	1	0
30501110	168	-1	-1	0	1	0
30501111	168	-1	-1	0	1	0
30501112	168	-1	-1	0	1	0
30501113	168	-1	-1	0	1	0
30501114	168	-1	-1	0	1	0
30501115	168	-1	-1	0	1	0
30501116	168	-1	-1	0	1	0
30501131	168	-1	-1	0	1	0
30501132	168	-1	-1	0	1	0
30501133	168	-1	-1	0	1	0
30501134	168	-1	-1	0	1	0
30501135	168	-1	-1	0	1	0
30501136	168	-1	-1	0	1	0
30501137	168	-1	-1	0	1	0
30501138	168	-1	-1	0	1	0
30501139	168	-1	-1	0	1	0
30501140	168	-1	-1	0	1	0
30501141	168	-1	-1	0	1	0
30501142	168	-1	-1	0	1	0
30501143	168	-1	-1	0	1	0
30501144	168	-1	-1	0	1	0
30501145	168	-1	-1	0	1	0
30501146	168	-1	-1	0	1	0
30501147	168	-1	-1	0	1	0
30501151	168	-1	-1	0	1	0
30501152	168	-1	-1	0	1	0
30501153	168	-1	-1	0	1	0
30501159	168	-1	-1	0	1	0
30501160	168	-1	-1	0	1	0
30501161	168	-1	-1	0	1	0
30501162	48	-1	-1	0	1	0
30501166	168	-1	-1	0	1	0
30501168	-1	-1	-1	0	0	0
30501172	-1	-1	-1	0	0	0
30501318	-1	-1	-1	0	0	0
30501355	-1	-1	-1	0	0	0
30501357	-1	-1	-1	0	0	0
30501359	-1	-1	-1	0	0	0
30501360	168	-1	-1	0	1	0
30501361	-1	-1	-1	0	0	0
30501369	168	-1	-1	0	1	0
30501370	168	-1	-1	0	1	0
30501375	720	-1	-1	0	1	0
30501376	72	-1	-1	0	1	0
30501377	168	-1	-1	0	1	0
30502004	-1	-1	-1	0	1	0
30502005	-1	-1	-1	0	1	0
30502006	-1	-1	-1	0	0	0
30502007	-1	-1	-1	0	1	0
30502008	-1	-1	-1	0	0	0
30503022	168	-1	-1	0	1	0
30503023	168	-1	-1	0	1	0
30503024	168	-1	-1	0	1	0
30503025	-1	-1	-1	0	0	0
30503026	-1	-1	-1	0	0	0
30503027	-1	-1	-1	0	0	0
30503028	-1	-1	-1	0	0	0
30503029	-1	-1	-1	0	0	0
30503030	-1	-1	-1	0	0	0
30503031	-1	-1	-1	0	0	0
30503032	-1	-1	-1	0	0	0
30503033	-1	-1	-1	0	0	0
30503034	-1	-1	-1	0	0	0
30503035	-1	-1	-1	0	0	0
30503036	-1	-1	-1	0	0	0
30503037	-1	-1	-1	0	0	0
30503038	-1	-1	-1	0	0	0
30503039	-1	-1	-1	0	0	0
30503040	-1	-1	-1	0	0	0
30503041	-1	-1	-1	0	0	0
30503042	-1	-1	-1	0	0	0
30503043	-1	-1	-1	0	0	0
30503044	-1	-1	-1	0	0	0
30503045	-1	-1	-1	0	0	0
30503046	-1	-1	-1	0	0	0
30503047	-1	-1	-1	0	0	0
30503048	-1	-1	-1	0	0	0
30503049	-1	-1	-1	0	0	0
30503050	-1	-1	-1	0	0	0
30503051	-1	-1	-1	0	0	0
30503052	-1	-1	-1	0	0	0
30503053	-1	-1	-1	0	0	0
30503054	-1	-1	-1	0	0	0
30503055	-1	-1	-1	0	0	0
30503056	-1	-1	-1	0	0	0
30503057	-1	-1	-1	0	0	0
30503058	-1	-1	-1	0	0	0
30503059	-1	-1	-1	0	0	0
30503060	-1	-1	-1	0	0	0
30503061	-1	-1	-1	0	0	0
30503062	-1	-1	-1	0	0	0
30503063	-1	-1	-1	0	0	0
30503064	-1	-1	-1	0	0	0
30503065	-1	-1	-1	0	0	0
30503066	-1	-1	-1	0	0	0
30503067	-1	-1	-1	0	0	0
30503068	-1	-1	-1	0	0	0
30503069	-1	-1	-1	0	0	0
30503070	-1	-1	-1	0	0	0
30503071	-1	-1	-1	0	0	0
30503072	-1	-1	-1	0	0	0
30503073	-1	-1	-1	0	0	0
30503074	-1	-1	-1	0	0	0
30503075	-1	-1	-1	0	0	0
30503076	-1	-1	-1	0	0	0
30503077	-1	-1	-1	0	0	0
30503078	-1	-1	-1	0	0	0
30503079	-1	-1	-1	0	0	0
30503080	-1	-1	-1	0	0	0
30503081	-1	-1	-1	0	0	0
30503082	-1	-1	-1	0	0	0
30503083	-1	-1	-1	0	0	0
30503084	-1	-1	-1	0	0	0
30503085	-1	-1	-1	0	0	0
30503086	-1	-1	-1	0	0	0
30503087	-1	-1	-1	0	0	0
30503088	-1	-1	-1	0	0	0
30503089	-1	-1	-1	0	0	0
30503090	-1	-1	-1	0	0	0
30503091	-1	-1	-1	0	0	0
30503092	-1	-1	-1	0	0	0
30503093	-1	-1	-1	0	0	0
30503094	-1	-1	-1	0	0	0
30503095	-1	-1	-1	0	0	0
30503096	-1	-1	-1	0	0	0
30503097	-1	-1	-1	0	0	0
30503098	-1	-1	-1	0	0	0
30503099	-1	-1	-1	0	0	0
30503100	-1	-1	-1	0	0	0
30503101	-1	-1	-1	0	0	0
30503102	-1	-1	-1	0	0	0
30503103	-1	-1	-1	0	0	0
30503104	-1	-1	-1	0	0	0
30503105	-1	-1	-1	0	0	0
30503106	-1	-1	-1	0	0	0
30503107	-1	-1	-1	0	0	0
30503108	-1	-1	-1	0	0	0
30503109	-1	-1	-1	0	0	0
30503110	-1	-1	-1	0	0	0
30503111	-1	-1	-1	0	0	0
30503112	-1	-1	-1	0	0	0
30503113	-1	-1	-1	0	0	0
30503114	-1	-1	-1	0	0	0
30503122	-1	-1	-1	0	0	0
30503123	-1	-1	-1	0	0	0
30503124	-1	-1	-1	0	0	0
30503125	-1	-1	-1	0	0	0
30503126	-1	-1	-1	0	0	0
30503141	-1	-1	-1	0	1	1
30503142	-1	-1	-1	0	1	1
30503143	-1	-1	-1	0	1	1
30503144	-1	-1	-1	0	1	1
30503145	-1	-1	-1	0	1	1
30503146	-1	-1	-1	0	1	1
30503147	-1	-1	-1	0	1	1
30503148	-1	-1	-1	0	1	1
30503153	-1	-1	-1	0	1	1
30503176	-1	-1	-1	0	0	0
30503177	-1	-1	-1	0	0	0
30503178	-1	-1	-1	0	0	0
30503179	-1	-1	-1	0	0	0
30503180	-1	-1	-1	0	0	0
30503181	-1	-1	-1	0	0	0
30505013	-1	-1	-1	0	1	1
30505014	-1	-1	-1	0	1	1
30505015	-1	-1	-1	0	1	1
30505016	-1	-1	-1	0	1	1
30505017	-1	-1	-1	0	1	1
30505018	-1	-1	-1	0	1	1
30505019	-1	-1	-1	0	1	1
30505020	-1	-1	-1	0	1	1
30505021	-1	-1	-1	0	1	1
30505022	-1	-1	-1	0	1	1
30505085	720	-1	-1	0	1	0
30505086	720	-1	-1	0	1	0
30505087	720	-1	-1	0	1	0
30505088	720	-1	-1	0	1	0
30505089	720	-1	-1	0	1	0
30505090	720	-1	-1	0	1	0
30505091	720	-1	-1	0	1	0
30505114	2160	-1	-1	0	1	0
30505115	2160	-1	-1	0	1	0
30505116	2160	-1	-1	0	1	0
30505117	2160	-1	-1	0	1	0
30505118	2160	-1	-1	0	1	0
30505119	2160	-1	-1	0	1	0
30505120	2160	-1	-1	0	1	0
30505123	720	-1	-1	0	1	0
30505124	720	-1	-1	0	1	0
30505130	720	-1	-1	0	1	0
30505131	720	-1	-1	0	1	0
30505155	-1	-1	-1	0	1	1
30505156	-1	-1	-1	0	1	1
30505157	-1	-1	-1	0	1	0
30505158	-1	-1	-1	0	1	0
30505159	-1	-1	-1	0	1	0
30505160	-1	-1	-1	0	1	0
30505161	-1	-1	-1	0	1	0
30505163	168	-1	-1	0	1	0
30505191	192	-1	-1	0	1	0
30505195	-1	-1	-1	0	1	1
30505200	720	-1	-1	0	1	0
30505201	168	-1	-1	0	1	0
30505202	168	-1	-1	0	1	0
30505203	168	-1	-1	0	1	0
30505204	168	-1	-1	0	1	0
30505207	1	-1	-1	0	1	0
30505208	1	-1	-1	0	1	0
30505209	1	-1	-1	0	1	0
30505210	1	-1	-1	0	1	0
30505211	1	-1	-1	0	1	0
30505212	1	-1	-1	0	1	0
30505213	1	-1	-1	0	1	0
30505254	-1	-1	-1	0	0	1
30505257	24	-1	-1	0	1	0
30505259	-1	2005	-1	0	1	1
30505260	-1	-1	-1	0	1	1
30505261	-1	-1	-1	0	1	1
30505262	-1	-1	-1	0	1	1
30505263	-1	-1	-1	0	1	1
30505264	-1	-1	-1	0	1	1
30505265	-1	-1	-1	0	1	1
30505268	-1	-1	-1	0	1	1
30505269	720	-1	-1	0	1	0
30505270	720	-1	-1	0	1	0
30505271	720	-1	-1	0	1	0
30505272	720	-1	-1	0	1	0
30505274	-1	-1	-1	0	1	1
30505275	-1	-1	-1	0	1	1
30505276	-1	-1	-1	0	1	1
30505277	-1	-1	-1	0	1	1
30505278	24	-1	-1	0	1	0
30505279	24	-1	-1	0	1	0
30505280	24	-1	-1	0	1	0
30505282	24	-1	-1	0	1	1
30505285	-1	-1	-1	0	1	1
30505286	-1	-1	-1	0	1	1
30505287	-1	-1	-1	0	1	1
30505289	-1	-1	-1	0	1	0
30505290	-1	-1	-1	0	1	0
30505291	-1	-1	-1	0	1	0
30505303	24	-1	-1	0	1	1
30505304	168	-1	-1	0	1	1
30505816	-1	-1	-1	0	0	0
30505817	-1	-1	-1	0	0	0
30505908	-1	-1	-1	0	0	0
30509001	-1	-1	-1	0	1	0
30509002	-1	-1	-1	0	1	0
30509003	-1	-1	-1	0	1	0
30509004	-1	-1	-1	0	1	0
30509005	-1	-1	-1	0	1	0
30509006	-1	-1	-1	0	1	0
30509007	-1	-1	-1	0	1	0
30509008	-1	-1	-1	0	1	0
30509009	-1	-1	-1	0	1	0
30509010	-1	-1	-1	0	1	0
30509011	-1	-1	-1	0	1	0
30509013	-1	-1	-1	0	1	0
30509014	-1	-1	-1	0	1	0
30509090	-1	-1	-1	0	1	0
30509091	-1	-1	-1	0	1	0
30509114	-1	-1	-1	0	1	1
30509123	-1	-1	-1	0	1	0
30509124	-1	-1	-1	0	1	0
30509125	-1	-1	-1	0	1	0
30509126	-1	-1	-1	0	1	0
30509136	-1	-1	-1	0	1	0
30509137	-1	-1	-1	0	1	0
30509138	-1	-1	-1	0	1	0
30509139	-1	-1	-1	0	1	0
30601001	-1	-1	-1	0	1	1
30601004	-1	-1	-1	0	1	1
30602001	-1	-1	-1	0	1	1
30602002	-1	-1	-1	0	1	1
30602003	-1	-1	-1	0	1	1
30602004	-1	-1	-1	0	1	1
30603001	-1	-1	-1	0	1	1
30603002	-1	-1	-1	0	1	1
30603003	-1	-1	-1	0	1	1
30603004	-1	-1	-1	0	1	1
30604001	-1	-1	-1	0	1	1
30604002	-1	-1	-1	0	1	1
30604003	-1	-1	-1	0	1	1
30604004	-1	-1	-1	0	1	1
30605001	-1	-1	-1	0	1	1
30605002	-1	-1	-1	0	1	1
30605003	-1	-1	-1	0	1	1
30605004	-1	-1	-1	0	1	1
30607002	-1	-1	-1	0	1	1
30700201	240	-1	-1	0	1	0
30700202	240	-1	-1	0	1	0
30700206	23	-1	-1	0	1	1
30700207	23	-1	-1	0	1	1
30700208	23	-1	-1	0	1	1
30700209	23	-1	-1	0	1	1
30700210	23	-1	-1	0	1	1
30700211	23	-1	-1	0	1	1
30700212	23	-1	-1	0	1	1
30700213	-1	-1	-1	0	0	0
30700214	-1	-1	-1	0	0	0
30700215	-1	-1	-1	0	0	0
30700216	-1	-1	-1	0	0	0
30700217	-1	-1	-1	0	0	0
30700218	-1	-1	-1	0	0	0
30700219	-1	-1	-1	0	0	0
30700220	-1	-1	-1	0	0	0
30700221	-1	-1	-1	0	0	0
30700222	-1	-1	-1	0	0	0
30700223	-1	-1	-1	0	0	0
30700224	-1	-1	-1	0	0	0
30700225	-1	-1	-1	0	0	0
30700226	-1	-1	-1	0	0	0
30700227	-1	-1	-1	0	0	0
30700228	-1	-1	-1	0	0	0
30700229	-1	-1	-1	0	0	0
30700239	-1	-1	-1	0	0	0
30700242	-1	-1	-1	0	0	0
30700245	-1	-1	-1	0	0	0
30900050	-1	2005	-1	0	1	0
30900051	1	2005	-1	0	1	0
30900052	1	2005	-1	0	1	0
30900053	1	2005	-1	0	1	0
30900054	1	2005	-1	0	1	0
30900055	1	2005	-1	0	1	0
30900056	-1	-1	-1	0	0	0
30900057	-1	-1	-1	0	0	0
30900058	-1	-1	-1	0	0	0
30900091	168	2005	-1	0	1	1
30900092	720	2005	-1	0	1	1
30900112	-1	2005	-1	0	1	1
30900113	-1	2005	-1	0	1	1
30900116	1	2005	-1	0	1	1
31000100	720	-1	-1	0	1	0
38000000	720	-1	-1	0	1	0
38000009	168	2005	-1	0	1	1
38000013	144	-1	-1	0	1	0
38000047	-1	2005	-1	0	1	1
38000048	-1	2005	-1	0	1	1
38000049	-1	2005	-1	0	1	1
38000050	-1	2005	-1	0	1	1
38000051	24	2005	-1	0	1	0
38000055	168	2005	-1	0	1	1
38000056	-1	2005	-1	0	1	1
38000057	24	2005	-1	0	1	0
38000058	24	2005	-1	0	1	0
38000059	24	2005	-1	0	1	0
38000061	360	2005	-1	0	1	1
38000065	24	2005	-1	0	1	1
38000066	24	2005	-1	0	1	1
38000067	-1	2005	-1	0	1	1
38000068	-1	2005	-1	0	1	1
38000076	24	2005	-1	0	1	1
38000077	-1	2005	-1	0	1	1
38000078	-1	2005	-1	0	1	1
38000079	-1	2005	-1	0	1	1
38000081	24	2005	-1	0	1	1
38000082	-1	2005	-1	0	1	1
38000083	-1	2005	-1	0	1	1
38000084	-1	2005	-1	0	1	1
38000085	-1	2005	-1	0	1	1
38000086	-1	2005	-1	0	1	1
38000087	-1	2005	-1	0	1	1
38000088	-1	2005	-1	0	1	1
38000089	-1	2005	-1	0	1	1
38000090	720	2005	-1	0	1	1
38000091	72	2005	-1	0	1	1
38000092	24	2005	-1	0	1	1
38000093	24	2005	-1	0	1	1
38000094	-1	2005	-1	0	1	1
38000095	-1	2005	-1	0	1	1
38000096	-1	2005	-1	0	1	1
38000097	-1	2005	-1	0	1	1
38000098	-1	2005	-1	0	1	1
38000099	-1	2005	-1	0	1	1
38000100	-1	2005	-1	0	1	1
38000108	360	2005	-1	0	1	1
38000109	-1	2005	-1	0	1	1
38000110	-1	2005	-1	0	1	1
38000114	24	2005	-1	0	1	1
38000115	24	2005	-1	0	1	1
38000116	24	2005	-1	0	1	1
38000117	24	2005	-1	0	1	1
38000118	24	2005	-1	0	1	1
38000119	24	2005	-1	0	1	1
38000120	24	2005	-1	0	1	1
38000121	24	2005	-1	0	1	1
38000122	24	2005	-1	0	1	1
38000123	24	2005	-1	0	1	1
38000124	24	2005	-1	0	1	1
38000125	24	2005	-1	0	1	1
38000126	24	2005	-1	0	1	1
38000127	-1	2005	-1	0	1	1
38000129	-1	-1	-1	0	1	1
38000130	-1	-1	-1	0	1	1
38000131	-1	-1	-1	0	1	1
38000132	-1	-1	-1	0	1	1
38000133	-1	-1	-1	0	1	1
38000134	-1	-1	-1	0	1	1
38000135	-1	-1	-1	0	1	1
38000136	-1	-1	-1	0	1	1
38000137	-1	-1	-1	0	1	1
38000138	-1	-1	-1	0	1	1
38000142	-1	-1	-1	0	1	1
38000143	-1	-1	-1	0	1	1
38000144	-1	-1	-1	0	1	1
38000145	-1	-1	-1	0	1	1
38000146	-1	-1	-1	0	1	1
38000147	-1	-1	-1	0	1	1
38000148	-1	-1	-1	0	1	1
38000149	-1	-1	-1	0	1	1
38000150	-1	-1	-1	0	1	1
38000151	-1	-1	-1	0	1	1
38000153	-1	2005	-1	0	1	1
38000154	-1	2005	-1	0	1	1
38000156	-1	2005	-1	0	1	1
38000157	-1	2005	-1	0	1	1
38000158	-1	2005	-1	0	1	1
38000167	-1	2005	-1	0	1	1
38000168	-1	2005	-1	0	1	1
38000169	-1	2005	-1	0	1	1
38000170	-1	2005	-1	0	1	1
38000171	-1	2005	-1	0	1	1
38000172	-1	2005	-1	0	1	1
38000174	24	2005	-1	0	1	1
38000175	24	2005	-1	0	1	1
38000176	24	2005	-1	0	1	1
38000178	720	2005	-1	0	1	1
38000179	24	2005	-1	0	1	1
38000184	-1	2005	-1	0	2	0
38000185	-1	2005	-1	0	2	0
38000186	-1	2005	-1	0	2	0
38000188	24	2005	-1	0	1	0
38000237	-1	2005	-1	0	1	1
38000238	-1	2005	-1	0	1	1
38000239	-1	2005	-1	0	1	1
38000240	-1	2005	-1	0	1	1
38000241	-1	2005	-1	0	1	1
38000242	-1	2005	-1	0	1	1
38000243	-1	2005	-1	0	1	1
38000244	-1	2005	-1	0	1	1
38000245	-1	2005	-1	0	1	1
38000247	360	2005	-1	0	1	1
38000248	360	2005	-1	0	1	1
38000249	360	2005	-1	0	1	1
38000250	360	2005	-1	0	1	1
38000251	360	2005	-1	0	1	1
38000252	360	2005	-1	0	1	1
38000253	360	2005	-1	0	1	1
38000254	360	2005	-1	0	1	1
38000255	360	2005	-1	0	1	1
38000256	-1	2005	-1	0	1	1
38000258	-1	2005	-1	0	1	1
38000259	-1	2005	-1	0	1	1
38000260	-1	2005	-1	0	1	1
38000262	-1	2005	-1	0	1	1
38000263	-1	2005	-1	0	1	1
38000264	-1	2005	-1	0	1	1
38000265	-1	2005	-1	0	1	1
38000266	-1	2005	-1	0	1	1
38000267	-1	2005	-1	0	1	1
38000268	-1	2005	-1	0	1	1
38000269	-1	2005	-1	0	1	1
38000270	-1	2005	-1	0	1	1
38000271	-1	2005	-1	0	1	1
38000272	-1	2005	-1	0	1	1
38000273	-1	2005	-1	0	1	1
38000274	-1	2005	-1	0	1	1
38000275	-1	2005	-1	0	1	1
38000276	-1	2005	-1	0	1	1
38000277	-1	2005	-1	0	1	1
38000278	-1	2005	-1	0	1	1
38000279	-1	2005	-1	0	1	1
38000280	-1	2005	-1	0	1	1
38000281	-1	2005	-1	0	1	1
38000282	-1	2005	-1	0	1	1
38000283	-1	2005	-1	0	1	1
38000284	-1	2005	-1	0	1	1
38000285	-1	2005	-1	0	1	1
38000286	-1	2005	-1	0	1	1
38000287	-1	2005	-1	0	1	1
38000288	-1	2005	-1	0	1	1
38000289	-1	2005	-1	0	1	1
38000290	-1	2005	-1	0	1	1
38000291	-1	2005	-1	0	1	1
38000292	-1	2005	-1	0	1	1
38000293	-1	2005	-1	0	1	1
38000338	168	2005	-1	0	1	0
38000339	-1	2005	-1	0	1	1
38000340	-1	2005	-1	0	1	1
38000341	-1	2005	-1	0	1	1
38000342	-1	2005	-1	0	1	1
38000346	-1	2005	-1	0	1	1
38000347	-1	2005	-1	0	1	1
38000348	-1	-1	-1	0	0	1
40004414	4	-1	-1	0	1	0
40004431	48	-1	-1	0	1	0
40004432	48	-1	-1	0	1	0
40004433	48	-1	-1	0	1	0
40004540	1	2005	-1	0	1	0
40004542	1	2005	-1	0	1	0
40004585	24	2005	-1	0	1	0
40004586	24	2005	-1	0	1	0
40004587	24	2005	-1	0	1	0
40004588	24	2005	-1	0	1	0
40004589	24	2005	-1	0	1	0
40004590	24	2005	-1	0	1	0
40004591	24	2005	-1	0	1	0
40004592	24	2005	-1	0	1	0
40004593	48	2005	-1	0	1	0
40004645	2	2005	#G活动结束后的1小时内兑换（随机获得高级宝石、材料和GM坐骑或时装一个）	0	1	0
