INT	STRING	STRING	INT	INT	INT	INT	INT	STRING	INT	STRING	INT	STRING	INT	INT	INT	INT	STRING	INT	INT	FLOAT	FLOAT	INT	INT	INT	INT	INT	INT	STRING	INT	STRING	INT	STRING	INT	STRING	INT	STRING	INT	STRING	INT	STRING	INT	STRING	INT	STRING	INT	STRING	INT	STRING	INT	STRING	INT	STRING	INT	STRING	INT	STRING	INT	STRING	INT	STRING
ID	名称$1$	ToolTips$1$	类别	逻辑ID	隐形级别	陷阱专用标记	可激活次数	生存期持续特效	生存期持续音效	激发特效	激发音效	死亡特效	死亡音效	预留	预留	预留	 子弹ID	持续时间	激活或触发时间间隔	触发半径	影响半径	影响个体数目	预留	预留	预留	预留	预留	参数说明	参数值	参数说明	参数值	参数说明	参数值	参数说明	参数值	参数说明	参数值	参数说明	参数值	参数说明	参数值	参数说明	参数值	参数说明	参数值	参数说明	参数值	参数说明	参数值	参数说明	参数值	参数说明	参数值	参数说明	参数值	参数说明	参数值	参数说明	参数值	详细说明(内部使用)
1	漫天花雨	漫天花雨	0	1	0	0	0	漫天花雨3	-1		-1		-1	0	0	0		125000	500	0	0	0	0	0	0	0	0	效果1	-1	效果2	-1	效果3几率	-1	效果3	-1		0		0		0		0		0		0		0		0		0		0		0		0	
2	飞火流星	飞火流星	0	1	0	0	0	yanhuo19	-1		-1		-1	0	0	0		30000	500	0	0	0	0	0	0	0	0	效果1	-1	效果2	-1	效果3几率	-1	效果3	-1		0		0		0		0		0		0		0		0		0		0		0		0	
3	八面玲珑	八面玲珑	0	1	0	0	0	yanhuo20	-1		-1		-1	0	0	0		30000	500	0	0	0	0	0	0	0	0	效果1	-1	效果2	-1	效果3几率	-1	效果3	-1		0		0		0		0		0		0		0		0		0		0		0		0	
4	雪落无声	雪落无声	0	1	0	0	0	yanhuo31	-1		-1		-1	0	0	0		30000	500	0	0	0	0	0	0	0	0	效果1	-1	效果2	-1	效果3几率	-1	效果3	-1		0		0		0		0		0		0		0		0		0		0		0		0	
5	落英缤纷	落英缤纷	0	1	0	0	0	yanhuo32	-1		-1		-1	0	0	0		30000	500	0	0	0	0	0	0	0	0	效果1	-1	效果2	-1	效果3几率	-1	效果3	-1		0		0		0		0		0		0		0		0		0		0		0		0	
6	舞榭歌台	舞榭歌台	0	1	0	0	0	yanhuo33	-1		-1		-1	0	0	0		30000	500	0	0	0	0	0	0	0	0	效果1	-1	效果2	-1	效果3几率	-1	效果3	-1		0		0		0		0		0		0		0		0		0		0		0		0	
7	剑雨飘香	剑雨飘香	0	1	0	0	0	yanhuo099	-1		-1		-1	0	0	0		30000	500	0	0	0	0	0	0	0	0	效果1	-1	效果2	-1	效果3几率	-1	效果3	-1		0		0		0		0		0		0		0		0		0		0		0		0	
8	九曲连环	九曲连环	0	1	0	0	0	yanhuo199	-1		-1		-1	0	0	0		30000	500	0	0	0	0	0	0	0	0	效果1	-1	效果2	-1	效果3几率	-1	效果3	-1		0		0		0		0		0		0		0		0		0		0		0		0	
9	紫气东来	紫气东来	0	1	0	0	0	yanhuo201	-1		-1		-1	0	0	0		30000	500	0	0	0	0	0	0	0	0	效果1	-1	效果2	-1	效果3几率	-1	效果3	-1		0		0		0		0		0		0		0		0		0		0		0		0	
10	萤火虫	萤火虫	0	1	0	0	0	萤火虫烟花2	-1		-1		-1	0	0	0		30000	500	0	0	0	0	0	0	0	0	效果1	-1	效果2	-1	效果3几率	-1	效果3	-1		0		0		0		0		0		0		0		0		0		0		0		0	
11	怒海狂涛	怒海狂涛	0	1	0	0	0	yanhuo_RMB01	-1		-1		-1	0	0	0		35000	500	0	0	0	0	0	0	0	0	效果1	-1	效果2	-1	效果3几率	-1	效果3	-1		0		0		0		0		0		0		0		0		0		0		0		0	
12	龙潜于渊	龙潜于渊	0	1	0	0	0	yanhuo_RMB02	-1		-1		-1	0	0	0		35000	500	0	0	0	0	0	0	0	0	效果1	-1	效果2	-1	效果3几率	-1	效果3	-1		0		0		0		0		0		0		0		0		0		0		0		0	
13	经天纬地	经天纬地	0	1	0	0	0	yanhuo_RMB03	-1		-1		-1	0	0	0		35000	500	0	0	0	0	0	0	0	0	效果1	-1	效果2	-1	效果3几率	-1	效果3	-1		0		0		0		0		0		0		0		0		0		0		0		0	
14	岸芷汀兰	岸芷汀兰	0	1	0	0	0	yanhuo_RMB04	-1		-1		-1	0	0	0		35000	500	0	0	0	0	0	0	0	0	效果1	-1	效果2	-1	效果3几率	-1	效果3	-1		0		0		0		0		0		0		0		0		0		0		0		0	
15	流光溢彩	流光溢彩	0	1	0	0	0	yanhuo_RMB06	-1		-1		-1	0	0	0		35000	500	0	0	0	0	0	0	0	0	效果1	-1	效果2	-1	效果3几率	-1	效果3	-1		0		0		0		0		0		0		0		0		0		0		0		0	
16	天舞宝轮	天舞宝轮	0	1	0	0	0	yanhuo_RMB07	-1		-1		-1	0	0	0		35000	500	0	0	0	0	0	0	0	0	效果1	-1	效果2	-1	效果3几率	-1	效果3	-1		0		0		0		0		0		0		0		0		0		0		0		0	
17	天若有情	天若有情	0	1	0	0	0	yanhuo_RMB08	-1		-1		-1	0	0	0		35000	500	0	0	0	0	0	0	0	0	效果1	-1	效果2	-1	效果3几率	-1	效果3	-1		0		0		0		0		0		0		0		0		0		0		0		0	
18	烈火飞旋	烈火飞旋	0	1	0	0	0	yanhuo_RMB09	-1		-1		-1	0	0	0		35000	500	0	0	0	0	0	0	0	0	效果1	-1	效果2	-1	效果3几率	-1	效果3	-1		0		0		0		0		0		0		0		0		0		0		0		0	
19	五星连珠	五星连珠	0	1	0	0	0	yanhuo_RMB10	-1		-1		-1	0	0	0		35000	500	0	0	0	0	0	0	0	0	效果1	-1	效果2	-1	效果3几率	-1	效果3	-1		0		0		0		0		0		0		0		0		0		0		0		0	
20	人生如梦	人生如梦	0	1	0	0	0	yanhuo_RMB11	-1		-1		-1	0	0	0		35000	500	0	0	0	0	0	0	0	0	效果1	-1	效果2	-1	效果3几率	-1	效果3	-1		0		0		0		0		0		0		0		0		0		0		0		0	
21	ILOVEYOU	ILOVEYOU	0	1	0	0	0	yanhuo_RMB12	-1		-1		-1	0	0	0		35000	500	0	0	0	0	0	0	0	0	效果1	-1	效果2	-1	效果3几率	-1	效果3	-1		0		0		0		0		0		0		0		0		0		0		0		0	
22	喜欢你	喜欢你	0	1	0	0	0	yanhuo_RMB13	-1		-1		-1	0	0	0		35000	500	0	0	0	0	0	0	0	0	效果1	-1	效果2	-1	效果3几率	-1	效果3	-1		0		0		0		0		0		0		0		0		0		0		0		0	
23	发财了	发财了	0	1	0	0	0	yanhuo_RMB14	-1		-1		-1	0	0	0		35000	500	0	0	0	0	0	0	0	0	效果1	-1	效果2	-1	效果3几率	-1	效果3	-1		0		0		0		0		0		0		0		0		0		0		0		0	
24	我结婚了	我结婚了	0	1	0	0	0	yanhuo_RMB15	-1		-1		-1	0	0	0		35000	500	0	0	0	0	0	0	0	0	效果1	-1	效果2	-1	效果3几率	-1	效果3	-1		0		0		0		0		0		0		0		0		0		0		0		0	
25	国庆快乐	国庆快乐	0	1	0	0	0	yanhuo_国庆快乐	-1		-1		-1	0	0	0		35000	500	0	0	0	0	0	0	0	0	效果1	-1	效果2	-1	效果3几率	-1	效果3	-1		0		0		0		0		0		0		0		0		0		0		0		0	
26	欢度新春	欢度新春	0	1	0	0	0	yanhuo_欢度新春	-1		-1		-1	0	0	0		35000	500	0	0	0	0	0	0	0	0	效果1	-1	效果2	-1	效果3几率	-1	效果3	-1		0		0		0		0		0		0		0		0		0		0		0		0	
27	六一快乐	六一快乐	0	1	0	0	0	yanhuo_六一快乐	-1		-1		-1	0	0	0		35000	500	0	0	0	0	0	0	0	0	效果1	-1	效果2	-1	效果3几率	-1	效果3	-1		0		0		0		0		0		0		0		0		0		0		0		0	
28	情人节快乐	情人节快乐	0	1	0	0	0	yanhuo情人节快乐	-1		-1		-1	0	0	0		35000	500	0	0	0	0	0	0	0	0	效果1	-1	效果2	-1	效果3几率	-1	效果3	-1		0		0		0		0		0		0		0		0		0		0		0		0	
29	圣诞快乐	圣诞快乐	0	1	0	0	0	yanhuo_圣诞快乐	-1		-1		-1	0	0	0		35000	500	0	0	0	0	0	0	0	0	效果1	-1	效果2	-1	效果3几率	-1	效果3	-1		0		0		0		0		0		0		0		0		0		0		0		0	
30	五一快乐	五一快乐	0	1	0	0	0	yanhuo_五一快乐	-1		-1		-1	0	0	0		35000	500	0	0	0	0	0	0	0	0	效果1	-1	效果2	-1	效果3几率	-1	效果3	-1		0		0		0		0		0		0		0		0		0		0		0		0	
31	元旦快乐	元旦快乐	0	1	0	0	0	yanhuo_元旦快乐	-1		-1		-1	0	0	0		35000	500	0	0	0	0	0	0	0	0	效果1	-1	效果2	-1	效果3几率	-1	效果3	-1		0		0		0		0		0		0		0		0		0		0		0		0	
32	中秋快乐	中秋快乐	0	1	0	0	0	yanhuo_中秋快乐	-1		-1		-1	0	0	0		35000	500	0	0	0	0	0	0	0	0	效果1	-1	效果2	-1	效果3几率	-1	效果3	-1		0		0		0		0		0		0		0		0		0		0		0		0	
33	光棍行我看行	光棍行我看行	0	1	0	0	0	yanhuo_RMB21	-1		-1		-1	0	0	0		35000	500	0	0	0	0	0	0	0	0	效果1	-1	效果2	-1	效果3几率	-1	效果3	-1		0		0		0		0		0		0		0		0		0		0		0		0	
34	我自由我快乐	我自由我快乐	0	1	0	0	0	yanhuo_RMB22	-1		-1		-1	0	0	0		35000	500	0	0	0	0	0	0	0	0	效果1	-1	效果2	-1	效果3几率	-1	效果3	-1		0		0		0		0		0		0		0		0		0		0		0		0	
35	圣诞快乐	圣诞快乐	0	1	0	0	0	yanhuo_RMB24	-1		-1		-1	0	0	0		35000	500	0	0	0	0	0	0	0	0	效果2	-1	效果3	-1	效果4几率	-1	效果4	-1		0		0		0		0		0		0		0		0		0		0		0		0	
36	元旦快乐	元旦快乐	0	1	0	0	0	yanhuo_RMB25	-1		-1		-1	0	0	0		35000	500	0	0	0	0	0	0	0	0	效果3	-1	效果4	-1	效果5几率	-1	效果5	-1		0		0		0		0		0		0		0		0		0		0		0		0	
37	HAPPYNEWYEAR	HAPPYNEWYEAR	0	1	0	0	0	yanhuo_RMB23	-1		-1		-1	0	0	0		35000	500	0	0	0	0	0	0	0	0	效果4	-1	效果5	-1	效果6几率	-1	效果6	-1		0		0		0		0		0		0		0		0		0		0		0		0	
38	千寻场景特效	千寻	0	1	0	0	0	yanhuo_节日快乐	-1		-1		-1	0	0	0		20000	500	0	0	0	0	0	0	0	0	效果1	-1	效果2	-1	效果3几率	-1	效果3	-1		0		0		0		0		0		0		0		0		0		0		0		0	
39	春节快乐	春节快乐	0	1	0	0	0	yanhuo_RMB30	-1		-1		-1	0	0	0		35000	500	0	0	0	0	0	0	0	0	效果4	-1	效果5	-1	效果6几率	-1	效果6	-1		0		0		0		0		0		0		0		0		0		0		0		0	
40	拜大年	拜大年	0	1	0	0	0	yanhuo_RMB26	-1		-1		-1	0	0	0		35000	500	0	0	0	0	0	0	0	0	效果4	-1	效果5	-1	效果6几率	-1	效果6	-1		0		0		0		0		0		0		0		0		0		0		0		0	
41	过年好	过好年	0	1	0	0	0	yanhuo_RMB27	-1		-1		-1	0	0	0		35000	500	0	0	0	0	0	0	0	0	效果4	-1	效果5	-1	效果6几率	-1	效果6	-1		0		0		0		0		0		0		0		0		0		0		0		0	
42	万事如意	万事如意	0	1	0	0	0	yanhuo_RMB29	-1		-1		-1	0	0	0		35000	500	0	0	0	0	0	0	0	0	效果4	-1	效果5	-1	效果6几率	-1	效果6	-1		0		0		0		0		0		0		0		0		0		0		0		0	
43	吉祥如意	吉祥如意	0	1	0	0	0	yanhuo_RMB28	-1		-1		-1	0	0	0		35000	500	0	0	0	0	0	0	0	0	效果4	-1	效果5	-1	效果6几率	-1	效果6	-1		0		0		0		0		0		0		0		0		0		0		0		0	
44	孔明灯升空1	孔明灯升空1	0	1	0	0	0	npc_孔明灯01	-1		-1		-1	0	0	0		40000	500	0	0	0	0	0	0	0	0	效果1	-1	效果2	-1	效果3几率	-1	效果3	-1		0		0		0		0		0		0		0		0		0		0		0		0	
45	孔明灯升空2	孔明灯升空2	0	1	0	0	0	npc_孔明灯03	-1		-1		-1	0	0	0		40000	500	0	0	0	0	0	0	0	0	效果1	-1	效果2	-1	效果3几率	-1	效果3	-1		0		0		0		0		0		0		0		0		0		0		0		0	
46	孔明灯升空3	孔明灯升空3	0	1	0	0	0	npc_孔明灯02	-1		-1		-1	0	0	0		40000	500	0	0	0	0	0	0	0	0	效果1	-1	效果2	-1	效果3几率	-1	效果3	-1		0		0		0		0		0		0		0		0		0		0		0		0	
47	西瓜皮陷阱	西瓜皮陷阱	1	2	150	2	1	g01_西瓜皮摆放	-1	g01_西瓜皮触发	-1		-1	0	0	0		30000	500	3	3	1	0	0	0	0	0	效果1	-1	效果2	-1	效果3几率	-1	效果3	-1	脚本	808089	影响性质	0		0		0		0		0		0		0		0		0		0		0	
48	捕兽夹陷阱	捕兽夹陷阱	1	2	150	2	1	g01_捕兽夹摆放	-1	g01_捕兽夹触发	-1		-1	0	0	0		30000	500	3	3	1	0	0	0	0	0	效果1	-1	效果2	-1	效果3几率	-1	效果3	-1	脚本	808089	影响性质	0		0		0		0		0		0		0		0		0		0		0	
49	XXX	XXX	0	1	0	0	0	yanhuo_RMB17	-1		-1		-1	0	0	0		35000	500	0	0	0	0	0	0	0	0	效果4	-1	效果5	-1	效果6几率	-1	效果6	-1		0		0		0		0		0		0		0		0		0		0		0		0	
50	XXX	XXX	0	1	0	0	0	yanhuo_RMB18	-1		-1		-1	0	0	0		35000	500	0	0	0	0	0	0	0	0	效果4	-1	效果5	-1	效果6几率	-1	效果6	-1		0		0		0		0		0		0		0		0		0		0		0		0	
51	XXX	XXX	0	1	0	0	0	yanhuo_RMB19	-1		-1		-1	0	0	0		35000	500	0	0	0	0	0	0	0	0	效果4	-1	效果5	-1	效果6几率	-1	效果6	-1		0		0		0		0		0		0		0		0		0		0		0		0	
52	XXX	XXX	0	1	0	0	0	yanhuo_RMB20	-1		-1		-1	0	0	0		35000	500	0	0	0	0	0	0	0	0	效果4	-1	效果5	-1	效果6几率	-1	效果6	-1		0		0		0		0		0		0		0		0		0		0		0		0	
53	劳动最光荣	劳动最光荣	0	1	0	0	0	yanhuo_劳动最光荣	-1		-1		-1	0	0	0		35000	500	0	0	0	0	0	0	0	0	效果4	-1	效果5	-1	效果6几率	-1	效果6	-1		0		0		0		0		0		0		0		0		0		0		0		0	
54	绿波香露	绿波香露	3	0	0	1	1		-1	boss_飘渺峰乌老大03_zdo	-1		-1	0	0	0		4000	3000	0	5	12	0	0	0	0	0	效果1	10250	效果2	-1	效果3几率	-1	效果3	-1		0		0		0		0		0		0		0		0		0		0		0		0	
55	山神的愤怒	山神的愤怒	0	0	0	2	5	buff_帮派驻地01	-1	buff_帮派驻地	-1		-1	0	0	0		10000	2000	200	7	12	0	0	0	0	0	效果1	5947	效果2	-1	效果3几率	-1	效果3	-1		0		0		0		0		0		0		0		0		0		0		0		0	
56	山神的愤怒	山神的愤怒	0	0	0	2	5	buff_帮派驻地01	-1	buff_帮派驻地	-1		-1	0	0	0		10000	2000	200	7	12	0	0	0	0	0	效果1	5956	效果2	-1	效果3几率	-1	效果3	-1		0		0		0		0		0		0		0		0		0		0		0		0	
57	山神的愤怒	山神的愤怒	0	0	0	2	5	buff_帮派驻地01	-1	buff_帮派驻地	-1		-1	0	0	0		10000	2000	200	7	12	0	0	0	0	0	效果1	5957	效果2	-1	效果3几率	-1	效果3	-1		0		0		0		0		0		0		0		0		0		0		0		0	
58	山神的愤怒	山神的愤怒	0	0	0	2	5	buff_帮派驻地01	-1	buff_帮派驻地	-1		-1	0	0	0		10000	2000	200	7	12	0	0	0	0	0	效果1	5958	效果2	-1	效果3几率	-1	效果3	-1		0		0		0		0		0		0		0		0		0		0		0		0	
59	寒冰	寒冰	0	0	0	2	15	boss_李秋水19	-1	boss_李秋水20	2025		-1	0	0	0		30000	2000	200	5	12	0	0	0	0	0	效果1	10378	效果2	10379	效果3几率	-1	效果3	-1		0		0		0		0		0		0		0		0		0		0		0		0	
60	帮主英明	帮主英明	0	1	0	0	0	yanhuo_帮主英明	-1		-1		-1	0	0	0		35000	500	0	0	0	0	0	0	0	0	效果1	-1	效果2	-1	效果3几率	-1	效果3	-1		0		0		0		0		0		0		0		0		0		0		0		0	
61	跪谢	跪谢	0	1	0	0	0	yanhuo_跪谢Orz	-1		-1		-1	0	0	0		35000	500	0	0	0	0	0	0	0	0	效果1	-1	效果2	-1	效果3几率	-1	效果3	-1		0		0		0		0		0		0		0		0		0		0		0		0	
62	嫁给我吧	嫁给我吧	0	1	0	0	0	yanhuo_嫁给我吧	-1		-1		-1	0	0	0		35000	500	0	0	0	0	0	0	0	0	效果1	-1	效果2	-1	效果3几率	-1	效果3	-1		0		0		0		0		0		0		0		0		0		0		0		0	
63	rg	rg	0	1	0	0	0	yanhuo_orz	-1		-1		-1	0	0	0		35000	500	0	0	0	0	0	0	0	0	效果1	-1	效果2	-1	效果3几率	-1	效果3	-1		0		0		0		0		0		0		0		0		0		0		0		0	
64	你是猪头	你是猪头	0	1	0	0	0	yanhuo_你是猪头	-1		-1		-1	0	0	0		35000	500	0	0	0	0	0	0	0	0	效果1	-1	效果2	-1	效果3几率	-1	效果3	-1		0		0		0		0		0		0		0		0		0		0		0		0	
65	我错了	我错了	0	1	0	0	0	yanhuo_我错了	-1		-1		-1	0	0	0		35000	500	0	0	0	0	0	0	0	0	效果1	-1	效果2	-1	效果3几率	-1	效果3	-1		0		0		0		0		0		0		0		0		0		0		0		0	
66	我想你了	我想你了	0	1	0	0	0	yanhuo_我想你了	-1		-1		-1	0	0	0		35000	500	0	0	0	0	0	0	0	0	效果1	-1	效果2	-1	效果3几率	-1	效果3	-1		0		0		0		0		0		0		0		0		0		0		0		0	
67	永结同心	永结同心	0	1	0	0	0	yanhuo_永结同心	-1		-1		-1	0	0	0		35000	500	0	0	0	0	0	0	0	0	效果1	-1	效果2	-1	效果3几率	-1	效果3	-1		0		0		0		0		0		0		0		0		0		0		0		0	
68	原谅我吧	原谅我吧	0	1	0	0	0	yanhuo_原谅我吧	-1		-1		-1	0	0	0		35000	500	0	0	0	0	0	0	0	0	效果1	-1	效果2	-1	效果3几率	-1	效果3	-1		0		0		0		0		0		0		0		0		0		0		0		0	
69	心似千结	心似千结	0	1	0	0	0	yanhuo_七夕壹	-1		-1		-1	0	0	0		35000	500	0	0	0	0	0	0	0	0	效果1	-1	效果2	-1	效果3几率	-1	效果3	-1		0		0		0		0		0		0		0		0		0		0		0		0	
70	金风玉露	金风玉露	0	1	0	0	0	yanhuo_七夕贰	-1		-1		-1	0	0	0		35000	500	0	0	0	0	0	0	0	0	效果1	-1	效果2	-1	效果3几率	-1	效果3	-1		0		0		0		0		0		0		0		0		0		0		0		0	
71	琴瑟之好	琴瑟之好	0	1	0	0	0	yanhuo_七夕叁	-1		-1		-1	0	0	0		35000	500	0	0	0	0	0	0	0	0	效果1	-1	效果2	-1	效果3几率	-1	效果3	-1		0		0		0		0		0		0		0		0		0		0		0		0	
72	绿波香露	绿波香露	3	0	0	1	1		-1	boss_飘渺峰乌老大03_zdo	-1		-1	0	0	0		4000	3000	0	5	12	0	0	0	0	0	效果1	19805	效果2	-1	效果3几率	-1	效果3	-1		0		0		0		0		0		0		0		0		0		0		0		0	小缥缈峰
73	寒冰	寒冰	0	0	0	2	15	boss_李秋水19	-1	boss_李秋水20	-1		-1	0	0	0		30000	2000	200	5	12	0	0	0	0	0	效果1	19898	效果2	10379	效果3几率	-1	效果3	-1		0		0		0		0		0		0		0		0		0		0		0		0	
74	北京欢迎您	北京欢迎您	0	1	0	0	0	yanhuo_奥运烟花01	-1		-1		-1	0	0	0		35000	500	0	0	0	0	0	0	0	0	效果1	-1	效果2	-1	效果3几率	-1	效果3	-1		0		0		0		0		0		0		0		0		0		0		0		0	
75	中国加油	中国加油	0	1	0	0	0	yanhuo_奥运烟花03	-1		-1		-1	0	0	0		35000	500	0	0	0	0	0	0	0	0	效果1	-1	效果2	-1	效果3几率	-1	效果3	-1		0		0		0		0		0		0		0		0		0		0		0		0	
76	好运中国	好运中国	0	1	0	0	0	yanhuo_奥运烟花02	-1		-1		-1	0	0	0		35000	500	0	0	0	0	0	0	0	0	效果1	-1	效果2	-1	效果3几率	-1	效果3	-1		0		0		0		0		0		0		0		0		0		0		0		0	
77	奥运口号	奥运口号	0	1	0	0	0	yanhuo_奥运烟花04	-1		-1		-1	0	0	0		35000	500	0	0	0	0	0	0	0	0	效果1	-1	效果2	-1	效果3几率	-1	效果3	-1		0		0		0		0		0		0		0		0		0		0		0		0	
78	心心相应	心心相应	0	1	0	0	0	yanhuo_情人节烟花	-1		-1		-1	0	0	0		35000	500	0	0	0	0	0	0	0	0	效果1	-1	效果2	-1	效果3几率	-1	效果3	-1		0		0		0		0		0		0		0		0		0		0		0		0	
79	雨花之泪	雨花之泪	0	1	0	0	0	yanhuo_情人节_冰	-1		-1		-1	0	0	0		35000	500	0	0	0	0	0	0	0	0	效果1	-1	效果2	-1	效果3几率	-1	效果3	-1		0		0		0		0		0		0		0		0		0		0		0		0	
80	迎春	迎春	0	1	0	0	0	yanhuo_春节快乐	-1		-1		-1	0	0	0		35000	500	0	0	0	0	0	0	0	0	效果1	-1	效果2	-1	效果3几率	-1	效果3	-1		0		0		0		0		0		0		0		0		0		0		0		0	
81	恭贺新春	恭贺新春	0	1	0	0	0	yanhuo_春节烟花_灯笼	-1		-1		-1	0	0	0		35000	500	0	0	0	0	0	0	0	0	效果1	-1	效果2	-1	效果3几率	-1	效果3	-1		0		0		0		0		0		0		0		0		0		0		0		0	
82	拜年啦	拜年啦	0	1	0	0	0	yanhuo_过年好	-1		-1		-1	0	0	0		35000	500	0	0	0	0	0	0	0	0	效果1	-1	效果2	-1	效果3几率	-1	效果3	-1		0		0		0		0		0		0		0		0		0		0		0		0	
83	欢度元旦	欢度元旦	0	1	0	0	0	yanhuo_欢度元旦	-1		-1		-1	0	0	0		35000	500	0	0	0	0	0	0	0	0	效果1	-1	效果2	-1	效果3几率	-1	效果3	-1		0		0		0		0		0		0		0		0		0		0		0		0	
84	欢度元宵	欢度元宵	0	1	0	0	0	yanhuo_欢度元宵	-1		-1		-1	0	0	0		35000	500	0	0	0	0	0	0	0	0	效果1	-1	效果2	-1	效果3几率	-1	效果3	-1		0		0		0		0		0		0		0		0		0		0		0		0	
85	生日快乐	生日快乐	0	1	0	0	0	yanhuo_生日烟花1	-1		-1		-1	0	0	0		35000	500	0	0	0	0	0	0	0	0	效果1	-1	效果2	-1	效果3几率	-1	效果3	-1		0		0		0		0		0		0		0		0		0		0		0		0	
86	生日快乐2	生日快乐2	0	1	0	0	0	yanhuo_生日快乐2_0	-1		-1		-1	0	0	0		35000	500	0	0	0	0	0	0	0	0	效果1	-1	效果2	-1	效果3几率	-1	效果3	-1		0		0		0		0		0		0		0		0		0		0		0		0	
87	生日快乐3	生日快乐3	0	1	0	0	0	yanhuo_生日快乐3_0	-1		-1		-1	0	0	0		35000	500	0	0	0	0	0	0	0	0	效果1	-1	效果2	-1	效果3几率	-1	效果3	-1		0		0		0		0		0		0		0		0		0		0		0		0	
88	圣诞快乐2	圣诞快乐2	0	1	0	0	0	yanhuo_圣诞烟花	-1		-1		-1	0	0	0		35000	500	0	0	0	0	0	0	0	0	效果1	-1	效果2	-1	效果3几率	-1	效果3	-1		0		0		0		0		0		0		0		0		0		0		0		0	
89	元旦烟花	元旦烟花	0	1	0	0	0	yanhuo_元旦烟花_happy	-1		-1		-1	0	0	0		35000	500	0	0	0	0	0	0	0	0	效果1	-1	效果2	-1	效果3几率	-1	效果3	-1		0		0		0		0		0		0		0		0		0		0		0		0	
90	元宵节快乐	元宵节快乐	0	1	0	0	0	yanhuo_元宵节	-1		-1		-1	0	0	0		35000	500	0	0	0	0	0	0	0	0	效果1	-1	效果2	-1	效果3几率	-1	效果3	-1		0		0		0		0		0		0		0		0		0		0		0		0	
91	圣诞大家乐	圣诞大家乐	0	1	0	0	0	yanhuo_圣诞节	-1		-1		-1	0	0	0		35000	500	0	0	0	0	0	0	0	0	效果1	-1	效果2	-1	效果3几率	-1	效果3	-1		0		0		0		0		0		0		0		0		0		0		0		0	
92	帮会宣战烟花	帮会宣战烟花	0	1	0	0	0	yanhua_全屏烟花	-1		-1		-1	0	0	0		40000	500	0	0	0	0	0	0	0	0	效果1	-1	效果2	-1	效果3几率	-1	效果3	-1		0		0		0		0		0		0		0		0		0		0		0		0	
93	劳动最光荣	劳动最光荣	0	1	0	0	0	yanhuo普天同庆活动	-1		-1		-1	0	0	0		40000	500	0	0	0	0	0	0	0	0	效果1	-1	效果2	-1	效果3几率	-1	效果3	-1		0		0		0		0		0		0		0		0		0		0		0		0	
94	七夕1	七夕1	0	1	0	0	0	yanhuo_090806_七夕肆	-1		-1		-1	0	0	0		40000	500	0	0	0	0	0	0	0	0	效果1	-1	效果2	-1	效果3几率	-1	效果3	-1		0		0		0		0		0		0		0		0		0		0		0		0	
95	七夕2	七夕2	0	1	0	0	0	yanhuo_090806_七夕伍	-1		-1		-1	0	0	0		40000	500	0	0	0	0	0	0	0	0	效果1	-1	效果2	-1	效果3几率	-1	效果3	-1		0		0		0		0		0		0		0		0		0		0		0		0	
96	七夕3	七夕3	0	1	0	0	0	yanhuo_090806_七夕陆	-1		-1		-1	0	0	0		40000	500	0	0	0	0	0	0	0	0	效果1	-1	效果2	-1	效果3几率	-1	效果3	-1		0		0		0		0		0		0		0		0		0		0		0		0	
97	红熊王分身	红熊王分身	0	1	0	0	0	hd_红熊王boss分身	-1		-1		-1	0	0	0		4000	500	0	0	0	0	0	0	0	0	效果1	-1	效果2	-1	效果3几率	-1	效果3	-1		0		0		0		0		0		0		0		0		0		0		0		0	
98	欢度国庆	欢度国庆	0	1	0	0	0	yanhuo_60国庆01	-1		-1		-1	0	0	0		35000	500	0	0	0	0	0	0	0	0	效果1	-1	效果2	-1	效果3几率	-1	效果3	-1		0		0		0		0		0		0		0		0		0		0		0		0	
99	国庆献礼	国庆献礼	0	1	0	0	0	yanhuo_60国庆02	-1		-1		-1	0	0	0		35000	500	0	0	0	0	0	0	0	0	效果1	-1	效果2	-1	效果3几率	-1	效果3	-1		0		0		0		0		0		0		0		0		0		0		0		0	
100	木人傀儡爆炸	木人傀儡爆炸	2	0	0	1	1	cw_shixue	-1	g01_zdo_eguangmanying	897	g01_zdo_eguangmanying	897	0	0	0		100	100	0	0	0	0	0	0	0	0	效果1	-1	效果2	-1	效果3几率	-1	效果3	-1		0		0		0		0		0		0		0		0		0		0		0		0	
101	桃花阵	桃花阵	1	0	10	2	1	g01_xy_jq_xj_桃花阵	-1	g01_xy_jq_zdo_桃花阵	-1		-1	0	0	0		30000	500	2	10	5	0	0	0	0	0	效果1	2452	效果2	-1	效果3几率	-1	效果3	-1		0		0		0		0		0		0		0		0		0		0		0		0	
102	桃花阵	桃花阵	1	0	20	2	1	g01_xy_jq_xj_桃花阵	-1	g01_xy_jq_zdo_桃花阵	-1		-1	0	0	0		30000	500	2	10	5	0	0	0	0	0	效果1	2453	效果2	-1	效果3几率	-1	效果3	-1		0		0		0		0		0		0		0		0		0		0		0		0	
103	桃花阵	桃花阵	1	0	30	2	1	g01_xy_jq_xj_桃花阵	-1	g01_xy_jq_zdo_桃花阵	-1		-1	0	0	0		30000	500	2	10	5	0	0	0	0	0	效果1	2454	效果2	-1	效果3几率	-1	效果3	-1		0		0		0		0		0		0		0		0		0		0		0		0	
104	桃花阵	桃花阵	1	0	40	2	1	g01_xy_jq_xj_桃花阵	-1	g01_xy_jq_zdo_桃花阵	-1		-1	0	0	0		30000	500	2	10	5	0	0	0	0	0	效果1	2455	效果2	-1	效果3几率	-1	效果3	-1		0		0		0		0		0		0		0		0		0		0		0		0	
105	桃花阵	桃花阵	1	0	50	2	1	g01_xy_jq_xj_桃花阵	-1	g01_xy_jq_zdo_桃花阵	-1		-1	0	0	0		30000	500	2	10	5	0	0	0	0	0	效果1	2456	效果2	-1	效果3几率	-1	效果3	-1		0		0		0		0		0		0		0		0		0		0		0		0	
106	桃花阵	桃花阵	1	0	60	2	1	g01_xy_jq_xj_桃花阵	-1	g01_xy_jq_zdo_桃花阵	-1		-1	0	0	0		30000	500	2	10	5	0	0	0	0	0	效果1	2457	效果2	-1	效果3几率	-1	效果3	-1		0		0		0		0		0		0		0		0		0		0		0		0	
107	桃花阵	桃花阵	1	0	70	2	1	g01_xy_jq_xj_桃花阵	-1	g01_xy_jq_zdo_桃花阵	-1		-1	0	0	0		30000	500	2	10	5	0	0	0	0	0	效果1	2458	效果2	-1	效果3几率	-1	效果3	-1		0		0		0		0		0		0		0		0		0		0		0		0	
108	桃花阵	桃花阵	1	0	80	2	1	g01_xy_jq_xj_桃花阵	-1	g01_xy_jq_zdo_桃花阵	-1		-1	0	0	0		30000	500	2	10	5	0	0	0	0	0	效果1	2459	效果2	-1	效果3几率	-1	效果3	-1		0		0		0		0		0		0		0		0		0		0		0		0	
109	桃花阵	桃花阵	1	0	90	2	1	g01_xy_jq_xj_桃花阵	-1	g01_xy_jq_zdo_桃花阵	-1		-1	0	0	0		30000	500	2	10	5	0	0	0	0	0	效果1	2460	效果2	-1	效果3几率	-1	效果3	-1		0		0		0		0		0		0		0		0		0		0		0		0	
110	桃花阵	桃花阵	1	0	100	2	1	g01_xy_jq_xj_桃花阵	-1	g01_xy_jq_zdo_桃花阵	-1		-1	0	0	0		30000	500	2	10	5	0	0	0	0	0	效果1	2461	效果2	-1	效果3几率	-1	效果3	-1		0		0		0		0		0		0		0		0		0		0		0		0	
111	桃花阵	桃花阵	1	0	110	2	1	g01_xy_jq_xj_桃花阵	-1	g01_xy_jq_zdo_桃花阵	-1		-1	0	0	0		30000	500	2	10	5	0	0	0	0	0	效果1	2462	效果2	-1	效果3几率	-1	效果3	-1		0		0		0		0		0		0		0		0		0		0		0		0	
112	桃花阵	桃花阵	1	0	120	2	1	g01_xy_jq_xj_桃花阵	-1	g01_xy_jq_zdo_桃花阵	-1		-1	0	0	0		30000	500	2	10	5	0	0	0	0	0	效果1	2463	效果2	-1	效果3几率	-1	效果3	-1		0		0		0		0		0		0		0		0		0		0		0		0	
113	桃花阵	桃花阵	1	0	130	2	1	g01_xy_jq_xj_桃花阵	-1	g01_xy_jq_zdo_桃花阵	-1		-1	0	0	0		30000	500	2	10	5	0	0	0	0	0	效果1	17171	效果2	-1	效果3几率	-1	效果3	-1		0		0		0		0		0		0		0		0		0		0		0		0	
114	桃花阵	桃花阵	1	0	140	2	1	g01_xy_jq_xj_桃花阵	-1	g01_xy_jq_zdo_桃花阵	-1		-1	0	0	0		30000	500	2	10	5	0	0	0	0	0	效果1	17172	效果2	-1	效果3几率	-1	效果3	-1		0		0		0		0		0		0		0		0		0		0		0		0	
115	桃花阵	桃花阵	1	0	150	2	1	g01_xy_jq_xj_桃花阵	-1	g01_xy_jq_zdo_桃花阵	-1		-1	0	0	0		30000	500	2	10	5	0	0	0	0	0	效果1	17173	效果2	-1	效果3几率	-1	效果3	-1		0		0		0		0		0		0		0		0		0		0		0		0	
116	桃花阵	桃花阵	1	0	160	2	1	g01_xy_jq_xj_桃花阵	-1	g01_xy_jq_zdo_桃花阵	-1		-1	0	0	0		30000	500	2	10	5	0	0	0	0	0	效果1	17174	效果2	-1	效果3几率	-1	效果3	-1		0		0		0		0		0		0		0		0		0		0		0		0	
117	天罡阵	天罡阵	0	0	0	2	15	boss花容陷阱-人	-1	boss花容陷阱-爆发紫色	-1		-1	0	0	0		30000	2000	2	5	12	0	0	0	0	0	效果1	22070	效果2	-1	效果3几率	-1	效果3	-1		0		0		0		0		0		0		0		0		0		0		0		0	
118	天罡阵	天罡阵	0	0	0	2	15	boss花容陷阱-人	-1	boss花容陷阱-爆发紫色	-1		-1	0	0	0		30000	2000	2	5	12	0	0	0	0	0	效果1	22071	效果2	-1	效果3几率	-1	效果3	-1		0		0		0		0		0		0		0		0		0		0		0		0	
119	天罡阵	天罡阵	0	0	0	2	15	boss花容陷阱-人	-1	boss花容陷阱-爆发紫色	-1		-1	0	0	0		30000	2000	2	5	12	0	0	0	0	0	效果1	22072	效果2	-1	效果3几率	-1	效果3	-1		0		0		0		0		0		0		0		0		0		0		0		0	
120	天罡阵	天罡阵	0	0	0	2	15	boss花容陷阱-人	-1	boss花容陷阱-爆发紫色	-1		-1	0	0	0		30000	2000	2	5	12	0	0	0	0	0	效果1	22073	效果2	-1	效果3几率	-1	效果3	-1		0		0		0		0		0		0		0		0		0		0		0		0	
121	天罡阵	天罡阵	0	0	0	2	15	boss花容陷阱-人	-1	boss花容陷阱-爆发紫色	-1		-1	0	0	0		30000	2000	2	5	12	0	0	0	0	0	效果1	22074	效果2	-1	效果3几率	-1	效果3	-1		0		0		0		0		0		0		0		0		0		0		0		0	
122	天罡阵	天罡阵	0	0	0	2	15	boss花容陷阱-人	-1	boss花容陷阱-爆发紫色	-1		-1	0	0	0		30000	2000	2	5	12	0	0	0	0	0	效果1	22075	效果2	-1	效果3几率	-1	效果3	-1		0		0		0		0		0		0		0		0		0		0		0		0	
123	天罡阵	天罡阵	0	0	0	2	15	boss花容陷阱-人	-1	boss花容陷阱-爆发紫色	-1		-1	0	0	0		30000	2000	2	5	12	0	0	0	0	0	效果1	22076	效果2	-1	效果3几率	-1	效果3	-1		0		0		0		0		0		0		0		0		0		0		0		0	
124	天罡阵	天罡阵	0	0	0	2	15	boss花容陷阱-人	-1	boss花容陷阱-爆发紫色	-1		-1	0	0	0		30000	2000	2	5	12	0	0	0	0	0	效果1	22077	效果2	-1	效果3几率	-1	效果3	-1		0		0		0		0		0		0		0		0		0		0		0		0	
125	天罡阵	天罡阵	0	0	0	2	15	boss花容陷阱-人	-1	boss花容陷阱-爆发紫色	-1		-1	0	0	0		30000	2000	2	5	12	0	0	0	0	0	效果1	22078	效果2	-1	效果3几率	-1	效果3	-1		0		0		0		0		0		0		0		0		0		0		0		0	
126	天罡阵	天罡阵	0	0	0	2	15	boss花容陷阱-人	-1	boss花容陷阱-爆发紫色	-1		-1	0	0	0		30000	2000	2	5	12	0	0	0	0	0	效果1	22079	效果2	-1	效果3几率	-1	效果3	-1		0		0		0		0		0		0		0		0		0		0		0		0	
127	天罡阵	天罡阵	0	0	0	2	15	boss花容陷阱-人	-1	boss花容陷阱-爆发紫色	-1		-1	0	0	0		30000	2000	2	5	12	0	0	0	0	0	效果1	22080	效果2	-1	效果3几率	-1	效果3	-1		0		0		0		0		0		0		0		0		0		0		0		0	
128	天罡阵	天罡阵	0	0	0	2	15	boss花容陷阱-人	-1	boss花容陷阱-爆发紫色	-1		-1	0	0	0		30000	2000	2	5	12	0	0	0	0	0	效果1	22081	效果2	-1	效果3几率	-1	效果3	-1		0		0		0		0		0		0		0		0		0		0		0		0	
129	地煞阵	地煞阵	0	0	0	2	15	boss花容陷阱-地	-1	boss花容陷阱-爆发黄色	-1		-1	0	0	0		30000	2000	2	5	12	0	0	0	0	0	效果1	22082	效果2	-1	效果3几率	-1	效果3	-1		0		0		0		0		0		0		0		0		0		0		0		0	
130	人亡阵	人亡阵	0	0	0	2	15	boss花容陷阱-失误	-1	boss花容陷阱-爆发红色	-1		-1	0	0	0		30000	2000	2	5	12	0	0	0	0	0	效果1	22083	效果2	-1	效果3几率	-1	效果3	-1		0		0		0		0		0		0		0		0		0		0		0		0	
131	强化阵	强化阵	0	0	0	2	1	boss花容陷阱-天	-1	boss花容陷阱-爆发绿色	-1		-1	0	0	0		10000	500	2	15	12	0	0	0	0	0	效果1	22084	效果2	-1	效果3几率	-1	效果3	-1		0		0		0		0		0		0		0		0		0		0		0		0	
132	公孙胜烟雾	公孙胜烟雾	0	1	0	0	0	boss_生死擂台公孙胜埋伏烟雾	-1		-1		-1	0	0	0		2000	500	0	0	0	0	0	0	0	0	效果1	-1	效果2	-1	效果3几率	-1	效果3	-1		0		0		0		0		0		0		0		0		0		0		0		0	
133	公孙胜烟雾	公孙胜烟雾	0	1	0	0	0	boss_生死擂台公孙胜埋伏烟雾	-1		-1		-1	0	0	0		5000	500	0	0	0	0	0	0	0	0	效果1	-1	效果2	-1	效果3几率	-1	效果3	-1		0		0		0		0		0		0		0		0		0		0		0		0	
134	小爆炸	小爆炸	0	1	0	0	0	npc燃烧弹-爆炸01	-1		-1		-1	0	0	0		2000	500	0	0	0	0	0	0	0	0	效果1	-1	效果2	-1	效果3几率	-1	效果3	-1		0		0		0		0		0		0		0		0		0		0		0		0	
135	大爆炸	大爆炸	0	1	0	0	0	npc高爆弹-爆炸01	-1		-1		-1	0	0	0		5000	500	0	0	0	0	0	0	0	0	效果1	-1	效果2	-1	效果3几率	-1	效果3	-1		0		0		0		0		0		0		0		0		0		0		0		0	
136	臭蛋爆炸	臭蛋爆炸	0	1	0	0	0	npc臭弹-爆炸01	-1		-1		-1	0	0	0		5000	500	0	0	0	0	0	0	0	0	效果1	-1	效果2	-1	效果3几率	-1	效果3	-1		0		0		0		0		0		0		0		0		0		0		0		0	
137	燃烧弹刷新	燃烧弹刷新	0	1	0	0	0	npc燃烧弹-刷新	-1		-1		-1	0	0	0		5000	500	0	0	0	0	0	0	0	0	效果1	-1	效果2	-1	效果3几率	-1	效果3	-1		0		0		0		0		0		0		0		0		0		0		0		0	
138	高爆弹刷新	高爆弹刷新	0	1	0	0	0	npc高爆弹-刷新	-1		-1		-1	0	0	0		5000	500	0	0	0	0	0	0	0	0	效果1	-1	效果2	-1	效果3几率	-1	效果3	-1		0		0		0		0		0		0		0		0		0		0		0		0	
139	步步生花	步步生花	5	0	10	3	1	g01_xy_步步生花_陷阱	-1	g01_xy_步步生花_陷阱爆炸	-1		-1	0	0	0		30000	500	2	3	3	0	0	0	0	0	效果1	32583	效果2	-1	效果3几率	-1	效果3	-1		0		0		0		0		0		0		0		0		0		0		0		0	
140	步步生花	步步生花	5	0	20	3	1	g01_xy_步步生花_陷阱	-1	g01_xy_步步生花_陷阱爆炸	-1		-1	0	0	0		30000	500	2	3	3	0	0	0	0	0	效果1	32584	效果2	-1	效果3几率	-1	效果3	-1		0		0		0		0		0		0		0		0		0		0		0		0	
141	步步生花	步步生花	5	0	30	3	1	g01_xy_步步生花_陷阱	-1	g01_xy_步步生花_陷阱爆炸	-1		-1	0	0	0		30000	500	2	3	3	0	0	0	0	0	效果1	32585	效果2	-1	效果3几率	-1	效果3	-1		0		0		0		0		0		0		0		0		0		0		0		0	
142	步步生花	步步生花	5	0	40	3	1	g01_xy_步步生花_陷阱	-1	g01_xy_步步生花_陷阱爆炸	-1		-1	0	0	0		30000	500	2	3	3	0	0	0	0	0	效果1	32586	效果2	-1	效果3几率	-1	效果3	-1		0		0		0		0		0		0		0		0		0		0		0		0	
143	步步生花	步步生花	5	0	50	3	1	g01_xy_步步生花_陷阱	-1	g01_xy_步步生花_陷阱爆炸	-1		-1	0	0	0		30000	500	2	3	3	0	0	0	0	0	效果1	32587	效果2	-1	效果3几率	-1	效果3	-1		0		0		0		0		0		0		0		0		0		0		0		0	
144	步步生花	步步生花	5	0	60	3	1	g01_xy_步步生花_陷阱	-1	g01_xy_步步生花_陷阱爆炸	-1		-1	0	0	0		30000	500	2	3	3	0	0	0	0	0	效果1	32588	效果2	-1	效果3几率	-1	效果3	-1		0		0		0		0		0		0		0		0		0		0		0		0	
145	步步生花	步步生花	5	0	70	3	1	g01_xy_步步生花_陷阱	-1	g01_xy_步步生花_陷阱爆炸	-1		-1	0	0	0		30000	500	2	3	3	0	0	0	0	0	效果1	32589	效果2	-1	效果3几率	-1	效果3	-1		0		0		0		0		0		0		0		0		0		0		0		0	
146	步步生花	步步生花	5	0	80	3	1	g01_xy_步步生花_陷阱	-1	g01_xy_步步生花_陷阱爆炸	-1		-1	0	0	0		30000	500	2	3	3	0	0	0	0	0	效果1	32590	效果2	-1	效果3几率	-1	效果3	-1		0		0		0		0		0		0		0		0		0		0		0		0	
147	步步生花	步步生花	5	0	90	3	1	g01_xy_步步生花_陷阱	-1	g01_xy_步步生花_陷阱爆炸	-1		-1	0	0	0		30000	500	2	3	3	0	0	0	0	0	效果1	32591	效果2	-1	效果3几率	-1	效果3	-1		0		0		0		0		0		0		0		0		0		0		0		0	
148	步步生花	步步生花	5	0	100	3	1	g01_xy_步步生花_陷阱	-1	g01_xy_步步生花_陷阱爆炸	-1		-1	0	0	0		30000	500	2	3	3	0	0	0	0	0	效果1	32592	效果2	-1	效果3几率	-1	效果3	-1		0		0		0		0		0		0		0		0		0		0		0		0	
149	步步生花	步步生花	5	0	110	3	1	g01_xy_步步生花_陷阱	-1	g01_xy_步步生花_陷阱爆炸	-1		-1	0	0	0		30000	500	2	3	3	0	0	0	0	0	效果1	32593	效果2	-1	效果3几率	-1	效果3	-1		0		0		0		0		0		0		0		0		0		0		0		0	
150	步步生花	步步生花	5	0	120	3	1	g01_xy_步步生花_陷阱	-1	g01_xy_步步生花_陷阱爆炸	-1		-1	0	0	0		30000	500	2	3	3	0	0	0	0	0	效果1	32594	效果2	-1	效果3几率	-1	效果3	-1		0		0		0		0		0		0		0		0		0		0		0		0	
151	步步生花	步步生花	5	0	130	3	1	g01_xy_步步生花_陷阱	-1	g01_xy_步步生花_陷阱爆炸	-1		-1	0	0	0		30000	500	2	3	3	0	0	0	0	0	效果1	32595	效果2	-1	效果3几率	-1	效果3	-1		0		0		0		0		0		0		0		0		0		0		0		0	
152	步步生花	步步生花	5	0	140	3	1	g01_xy_步步生花_陷阱	-1	g01_xy_步步生花_陷阱爆炸	-1		-1	0	0	0		30000	500	2	3	3	0	0	0	0	0	效果1	32596	效果2	-1	效果3几率	-1	效果3	-1		0		0		0		0		0		0		0		0		0		0		0		0	
153	步步生花	步步生花	5	0	150	3	1	g01_xy_步步生花_陷阱	-1	g01_xy_步步生花_陷阱爆炸	-1		-1	0	0	0		30000	500	2	3	3	0	0	0	0	0	效果1	32597	效果2	-1	效果3几率	-1	效果3	-1		0		0		0		0		0		0		0		0		0		0		0		0	
154	步步生花	步步生花	5	0	160	3	1	g01_xy_步步生花_陷阱	-1	g01_xy_步步生花_陷阱爆炸	-1		-1	0	0	0		30000	500	2	3	3	0	0	0	0	0	效果1	32598	效果2	-1	效果3几率	-1	效果3	-1		0		0		0		0		0		0		0		0		0		0		0		0	
155	将进酒1	将进酒1	0	0	0	2	2	buff_陷阱将进酒_01	-1	buff_陷阱将进酒_激发	-1		-1	0	0	0		14500	7000	3	5	12	0	0	0	0	0	效果1	22213	效果2	-1	效果3几率	-1	效果3	-1		0		0		0		0		0		0		0		0		0		0		0		0	
156	将进酒2	将进酒2	0	0	0	2	2	buff_陷阱将进酒_02	-1	buff_陷阱将进酒_激发	-1		-1	0	0	0		14500	7000	3	5	12	0	0	0	0	0	效果1	22213	效果2	-1	效果3几率	-1	效果3	-1		0		0		0		0		0		0		0		0		0		0		0		0	
157	连年有余	连年有余	0	1	0	0	0	yanhua_091119_春节2	-1		-1		-1	0	0	0		35000	500	0	0	0	0	0	0	0	0	效果1	-1	效果2	-1	效果3几率	-1	效果3	-1		0		0		0		0		0		0		0		0		0		0		0		0	
158	福到了	福到了	0	1	0	0	0	yanhua_091118_春节	-1		-1		-1	0	0	0		35000	500	0	0	0	0	0	0	0	0	效果1	-1	效果2	-1	效果3几率	-1	效果3	-1		0		0		0		0		0		0		0		0		0		0		0		0	
159	心如爱意	心如爱意	0	1	0	0	0	yanhua_091116_情人节2	-1		-1		-1	0	0	0		35000	500	0	0	0	0	0	0	0	0	效果1	-1	效果2	-1	效果3几率	-1	效果3	-1		0		0		0		0		0		0		0		0		0		0		0		0	
160	此情正浓	此情正浓	0	1	0	0	0	yanhua_091110_情人节	-1		-1		-1	0	0	0		35000	500	0	0	0	0	0	0	0	0	效果1	-1	效果2	-1	效果3几率	-1	效果3	-1		0		0		0		0		0		0		0		0		0		0		0		0	
161	回音幡攻击	回音幡攻击	0	0	170	2	1	boss花容陷阱-天	-1	g01_xy_定海神针_3	-1		-1	0	0	0		1000	800	10	10	12	0	0	0	0	0	效果1	22421	效果2	-1	效果3几率	-1	效果3	-1		0		0		0		0		0		0		0		0		0		0		0		0	
162	十步一杀1	十步一杀1	0	0	0	2	2	buff_陷阱十步一杀_一	-1	buff_陷阱十步一杀_激发	-1		-1	0	0	0		9500	4000	2	3	1	0	0	0	0	0	效果1	22451	效果2	-1	效果3几率	-1	效果3	-1		0		0		0		0		0		0		0		0		0		0		0		0	
163	十步一杀2	十步一杀2	0	0	0	2	2	buff_陷阱十步一杀_二	-1	buff_陷阱十步一杀_激发	-1		-1	0	0	0		9500	4000	2	3	1	0	0	0	0	0	效果1	22451	效果2	-1	效果3几率	-1	效果3	-1		0		0		0		0		0		0		0		0		0		0		0		0	
164	十步一杀3	十步一杀3	0	0	0	2	2	buff_陷阱十步一杀_三	-1	buff_陷阱十步一杀_激发	-1		-1	0	0	0		9500	4000	2	3	1	0	0	0	0	0	效果1	22451	效果2	-1	效果3几率	-1	效果3	-1		0		0		0		0		0		0		0		0		0		0		0		0	
165	十步一杀4	十步一杀4	0	0	0	2	2	buff_陷阱十步一杀_四	-1	buff_陷阱十步一杀_激发	-1		-1	0	0	0		9500	4000	2	3	1	0	0	0	0	0	效果1	22451	效果2	-1	效果3几率	-1	效果3	-1		0		0		0		0		0		0		0		0		0		0		0		0	
166	十步一杀5	十步一杀5	0	0	0	2	2	buff_陷阱十步一杀_五	-1	buff_陷阱十步一杀_激发	-1		-1	0	0	0		9500	4000	2	3	1	0	0	0	0	0	效果1	22451	效果2	-1	效果3几率	-1	效果3	-1		0		0		0		0		0		0		0		0		0		0		0		0	
167	十步一杀6	十步一杀6	0	0	0	2	2	buff_陷阱十步一杀_六	-1	buff_陷阱十步一杀_激发	-1		-1	0	0	0		9500	4000	2	3	1	0	0	0	0	0	效果1	22451	效果2	-1	效果3几率	-1	效果3	-1		0		0		0		0		0		0		0		0		0		0		0		0	
168	白云	白云	0	0	0	2	15	buff_白云	-1	boss花容陷阱-爆发黄色	-1		-1	0	0	0		20000	2000	2	5	12	0	0	0	0	0	效果1	-1	效果2	-1	效果3几率	-1	效果3	-1		0		0		0		0		0		0		0		0		0		0		0		0	
169	黑云	黑云	0	0	0	2	15	buff_黑云	-1	boss花容陷阱-爆发红色	-1		-1	0	0	0		20000	2000	2	5	12	0	0	0	0	0	效果1	-1	效果2	-1	效果3几率	-1	效果3	-1		0		0		0		0		0		0		0		0		0		0		0		0	
170	世界杯烟花二	世界杯烟花二	0	1	0	0	0	yanhua_2010世界杯二	-1		-1		-1	0	0	0		35000	500	0	0	0	0	0	0	0	0	效果1	-1	效果2	-1	效果3几率	-1	效果3	-1		0		0		0		0		0		0		0		0		0		0		0		0	
171	世界杯烟花三	世界杯烟花三	0	1	0	0	0	yanhua_2010世界杯三	-1		-1		-1	0	0	0		35000	500	0	0	0	0	0	0	0	0	效果1	-1	效果2	-1	效果3几率	-1	效果3	-1		0		0		0		0		0		0		0		0		0		0		0		0	
172	流星恋情	流星恋情	0	1	0	0	0	yanhua_10Q3七夕二	-1		-1		-1	0	0	0		35000	500	0	0	0	0	0	0	0	0	效果1	-1	效果2	-1	效果3几率	-1	效果3	-1		0		0		0		0		0		0		0		0		0		0		0		0	
173	花团锦簇	花团锦簇	0	1	0	0	0	yanhua_10Q3七夕_01	-1		-1		-1	0	0	0		35000	500	0	0	0	0	0	0	0	0	效果1	-1	效果2	-1	效果3几率	-1	效果3	-1		0		0		0		0		0		0		0		0		0		0		0		0	
174	锦绣中华	锦绣中华	0	1	0	0	0	yanhua_100823_国庆节	-1		-1		-1	0	0	0		35000	500	0	0	0	0	0	0	0	0	效果1	-1	效果2	-1	效果3几率	-1	效果3	-1		0		0		0		0		0		0		0		0		0		0		0		0	
175	十月流火	十月流火	0	1	0	0	0	yanhua_100826_国庆节	-1		-1		-1	0	0	0		35000	500	0	0	0	0	0	0	0	0	效果1	-1	效果2	-1	效果3几率	-1	效果3	-1		0		0		0		0		0		0		0		0		0		0		0		0	
176	花好月圆	花好月圆	0	1	0	0	0	yanhua_100825_中秋节	-1		-1		-1	0	0	0		35000	500	0	0	0	0	0	0	0	0	效果1	-1	效果2	-1	效果3几率	-1	效果3	-1		0		0		0		0		0		0		0		0		0		0		0		0	
177	红星闪闪	红星闪闪	0	1	0	0	0	yanhuo_61国庆01	-1		-1		-1	0	0	0		35000	500	0	0	0	0	0	0	0	0	效果1	-1	效果2	-1	效果3几率	-1	效果3	-1		0		0		0		0		0		0		0		0		0		0		0		0	
178	共庆华诞	共庆华诞	0	1	0	0	0	yanhuo_61国庆02	-1		-1		-1	0	0	0		35000	500	0	0	0	0	0	0	0	0	效果1	-1	效果2	-1	效果3几率	-1	效果3	-1		0		0		0		0		0		0		0		0		0		0		0		0	
179	花团锦簇	花团锦簇	0	1	0	0	0	yanhua_100823_国庆节	-1		-1		-1	0	0	0		20000	500	0	0	0	0	0	0	0	0	效果1	-1	效果2	-1	效果3几率	-1	效果3	-1		0		0		0		0		0		0		0		0		0		0		0		0	
180	锦绣中华	锦绣中华	0	1	0	0	0	yanhua_100826_国庆节	-1		-1		-1	0	0	0		20000	500	0	0	0	0	0	0	0	0	效果1	-1	效果2	-1	效果3几率	-1	效果3	-1		0		0		0		0		0		0		0		0		0		0		0		0	
181	红星闪闪	红星闪闪	0	1	0	0	0	yanhuo_61国庆01	-1		-1		-1	0	0	0		20000	500	0	0	0	0	0	0	0	0	效果1	-1	效果2	-1	效果3几率	-1	效果3	-1		0		0		0		0		0		0		0		0		0		0		0		0	
182	共庆华诞	共庆华诞	0	1	0	0	0	yanhuo_61国庆02	-1		-1		-1	0	0	0		20000	500	0	0	0	0	0	0	0	0	效果1	-1	效果2	-1	效果3几率	-1	效果3	-1		0		0		0		0		0		0		0		0		0		0		0		0	
183	五星锦福	五星锦福	0	1	0	0	0	yanhua_10Q4_元旦	-1		-1		-1	0	0	0		20000	500	0	0	0	0	0	0	0	0	效果1	-1	效果2	-1	效果3几率	-1	效果3	-1		0		0		0		0		0		0		0		0		0		0		0		0	
184	七彩魔方	七彩魔方	0	1	0	0	0	yanhua_10Q4_元旦一	-1		-1		-1	0	0	0		20000	500	0	0	0	0	0	0	0	0	效果1	-1	效果2	-1	效果3几率	-1	效果3	-1		0		0		0		0		0		0		0		0		0		0		0		0	
185	圣诞树	圣诞树	0	1	0	0	0	yanhua_10Q4_圣诞节一	-1		-1		-1	0	0	0		20000	500	0	0	0	0	0	0	0	0	效果1	-1	效果2	-1	效果3几率	-1	效果3	-1		0		0		0		0		0		0		0		0		0		0		0		0	
186	圣诞礼盒	圣诞礼盒	0	1	0	0	0	yanhua_10Q4_圣诞节二	-1		-1		-1	0	0	0		20000	500	0	0	0	0	0	0	0	0	效果1	-1	效果2	-1	效果3几率	-1	效果3	-1		0		0		0		0		0		0		0		0		0		0		0		0	
187	凌神式消失	凌神式消失	0	1	0	0	0	m01_gs_秘剑式_聚气	294		-1		-1	0	0	0		500	500	0	0	0	0	0	0	0	0	效果1	-1	效果2	-1	效果3几率	-1	效果3	-1		0		0		0		0		0		0		0		0		0		0		0		0	
188	诱敌深入	诱敌深入	0	0	0	2	3	boss_兵圣奇阵林_诱敌深入	-1	boss_兵圣奇阵林_诱敌深入_爆发	-1		-1	0	0	0		6000	2000	300	3	24	0	0	0	0	0	效果1	19420	效果2	-1	效果3几率	-1	效果3	-1		0		0		0		0		0		0		0		0		0		0		0		0	
189	水迹	水迹	0	0	0	2	16	buff_boss兵圣奇阵火_侵略如火_水陷阱	-1		-1		-1	0	0	0		16000	1000	300	5	24	0	0	0	0	0	效果1	19440	效果2	-1	效果3几率	-1	效果3	-1		0		0		0		0		0		0		0		0		0		0		0		0	
190	地火焚天	地火焚天	0	0	0	2	32	buff_boss兵圣奇阵火_地火焚天_陷阱	-1	buff_boss兵圣奇阵火_地火焚天_陷阱爆发	-1		-1	0	0	0		96000	3000	300	5	24	0	0	0	0	0	效果1	19442	效果2	-1	效果3几率	-1	效果3	-1		0		0		0		0		0		0		0		0		0		0		0		0	
191	风雷弹爆炸	风雷弹爆炸	0	0	0	2	1		-1		-1		-1	0	0	0		500	500	300	3	24	0	0	0	0	0	效果1	19439	效果2	-1	效果3几率	-1	效果3	-1		0		0		0		0		0		0		0		0		0		0		0		0	
192	石堆爆炸	石堆爆炸	0	0	0	2	1		-1		-1		-1	0	0	0		500	500	300	3	24	0	0	0	0	0	效果1	19458	效果2	-1	效果3几率	-1	效果3	-1		0		0		0		0		0		0		0		0		0		0		0		0	
193	旋风爆炸	旋风爆炸	0	0	0	2	1	npc_兵圣奇阵风_旋风_01	-1	npc_兵圣奇阵风_旋风_自爆_01	-1		-1	0	0	0		500	500	300	1	24	0	0	0	0	0	效果1	19445	效果2	-1	效果3几率	-1	效果3	-1		0		0		0		0		0		0		0		0		0		0		0		0	
194	诱敌深入困难	诱敌深入困难	0	0	0	2	3	boss_兵圣奇阵林_诱敌深入	-1	boss_兵圣奇阵林_诱敌深入_爆发	-1		-1	0	0	0		6000	2000	300	3	24	0	0	0	0	0	效果1	19361	效果2	-1	效果3几率	-1	效果3	-1		0		0		0		0		0		0		0		0		0		0		0		0	
195	地火焚天困难	地火焚天困难	0	0	0	2	32	buff_boss兵圣奇阵火_地火焚天_陷阱	-1	buff_boss兵圣奇阵火_地火焚天_陷阱爆发	-1		-1	0	0	0		96000	3000	300	5	24	0	0	0	0	0	效果1	19374	效果2	-1	效果3几率	-1	效果3	-1		0		0		0		0		0		0		0		0		0		0		0		0	
196	风雷弹爆炸困难	风雷弹爆炸困难	0	0	0	2	1		-1		-1		-1	0	0	0		500	500	300	3	24	0	0	0	0	0	效果1	19373	效果2	-1	效果3几率	-1	效果3	-1		0		0		0		0		0		0		0		0		0		0		0		0	
197	石堆爆炸困难	石堆爆炸困难	0	0	0	2	1		-1		-1		-1	0	0	0		500	500	300	3	24	0	0	0	0	0	效果1	19386	效果2	-1	效果3几率	-1	效果3	-1		0		0		0		0		0		0		0		0		0		0		0		0	
198	旋风爆炸困难	旋风爆炸困难	0	0	0	2	1	npc_兵圣奇阵风_旋风_01	-1	npc_兵圣奇阵风_旋风_自爆_01	-1		-1	0	0	0		500	500	300	1	24	0	0	0	0	0	效果1	19375	效果2	-1	效果3几率	-1	效果3	-1		0		0		0		0		0		0		0		0		0		0		0		0	
199	石堆消失爆炸	石堆消失爆炸	0	1	0	0	0	npc_兵圣奇阵山_石头_爆炸	-1		-1		-1	0	0	0		5000	5000	0	0	0	0	0	0	0	0	效果1	-1	效果2	-1	效果3几率	-1	效果3	-1		0		0		0		0		0		0		0		0		0		0		0		0	
200	旋风提示	旋风提示	0	1	0	0	0	替代水迹陷阱	-1		-1		-1	0	0	0		1000	500	0	0	0	0	0	0	0	0	效果1	-1	效果2	-1	效果3几率	-1	效果3	-1		0		0		0		0		0		0		0		0		0		0		0		0	
201	桃花阵防	桃花阵	1	0	10	2	1	g01_xy_jq_xj_桃花阵	-1	g01_xy_jq_zdo_桃花阵	-1		-1	0	0	0		30000	500	2	10	5	0	0	0	0	0	效果1	2452	效果2	-1	效果3几率	20	效果3	2572		0		0		0		0		0		0		0		0		0		0		0		0	
202	桃花阵防	桃花阵	1	0	20	2	1	g01_xy_jq_xj_桃花阵	-1	g01_xy_jq_zdo_桃花阵	-1		-1	0	0	0		30000	500	2	10	5	0	0	0	0	0	效果1	2453	效果2	-1	效果3几率	22	效果3	2572		0		0		0		0		0		0		0		0		0		0		0		0	
203	桃花阵防	桃花阵	1	0	30	2	1	g01_xy_jq_xj_桃花阵	-1	g01_xy_jq_zdo_桃花阵	-1		-1	0	0	0		30000	500	2	10	5	0	0	0	0	0	效果1	2454	效果2	-1	效果3几率	24	效果3	2572		0		0		0		0		0		0		0		0		0		0		0		0	
204	桃花阵防	桃花阵	1	0	40	2	1	g01_xy_jq_xj_桃花阵	-1	g01_xy_jq_zdo_桃花阵	-1		-1	0	0	0		30000	500	2	10	5	0	0	0	0	0	效果1	2455	效果2	-1	效果3几率	26	效果3	2572		0		0		0		0		0		0		0		0		0		0		0		0	
205	桃花阵防	桃花阵	1	0	50	2	1	g01_xy_jq_xj_桃花阵	-1	g01_xy_jq_zdo_桃花阵	-1		-1	0	0	0		30000	500	2	10	5	0	0	0	0	0	效果1	2456	效果2	-1	效果3几率	28	效果3	2572		0		0		0		0		0		0		0		0		0		0		0		0	
206	桃花阵防	桃花阵	1	0	60	2	1	g01_xy_jq_xj_桃花阵	-1	g01_xy_jq_zdo_桃花阵	-1		-1	0	0	0		30000	500	2	10	5	0	0	0	0	0	效果1	2457	效果2	-1	效果3几率	30	效果3	2572		0		0		0		0		0		0		0		0		0		0		0		0	
207	桃花阵防	桃花阵	1	0	70	2	1	g01_xy_jq_xj_桃花阵	-1	g01_xy_jq_zdo_桃花阵	-1		-1	0	0	0		30000	500	2	10	5	0	0	0	0	0	效果1	2458	效果2	-1	效果3几率	32	效果3	2572		0		0		0		0		0		0		0		0		0		0		0		0	
208	桃花阵防	桃花阵	1	0	80	2	1	g01_xy_jq_xj_桃花阵	-1	g01_xy_jq_zdo_桃花阵	-1		-1	0	0	0		30000	500	2	10	5	0	0	0	0	0	效果1	2459	效果2	-1	效果3几率	34	效果3	2572		0		0		0		0		0		0		0		0		0		0		0		0	
209	桃花阵防	桃花阵	1	0	90	2	1	g01_xy_jq_xj_桃花阵	-1	g01_xy_jq_zdo_桃花阵	-1		-1	0	0	0		30000	500	2	10	5	0	0	0	0	0	效果1	2460	效果2	-1	效果3几率	36	效果3	2572		0		0		0		0		0		0		0		0		0		0		0		0	
210	桃花阵防	桃花阵	1	0	100	2	1	g01_xy_jq_xj_桃花阵	-1	g01_xy_jq_zdo_桃花阵	-1		-1	0	0	0		30000	500	2	10	5	0	0	0	0	0	效果1	2461	效果2	-1	效果3几率	38	效果3	2572		0		0		0		0		0		0		0		0		0		0		0		0	
211	桃花阵防	桃花阵	1	0	110	2	1	g01_xy_jq_xj_桃花阵	-1	g01_xy_jq_zdo_桃花阵	-1		-1	0	0	0		30000	500	2	10	5	0	0	0	0	0	效果1	2462	效果2	-1	效果3几率	40	效果3	2572		0		0		0		0		0		0		0		0		0		0		0		0	
212	桃花阵防	桃花阵	1	0	120	2	1	g01_xy_jq_xj_桃花阵	-1	g01_xy_jq_zdo_桃花阵	-1		-1	0	0	0		30000	500	2	10	5	0	0	0	0	0	效果1	2463	效果2	-1	效果3几率	42	效果3	2572		0		0		0		0		0		0		0		0		0		0		0		0	
213	桃花阵防	桃花阵	1	0	130	2	1	g01_xy_jq_xj_桃花阵	-1	g01_xy_jq_zdo_桃花阵	-1		-1	0	0	0		30000	500	2	10	5	0	0	0	0	0	效果1	17171	效果2	-1	效果3几率	44	效果3	2572		0		0		0		0		0		0		0		0		0		0		0		0	
214	桃花阵防	桃花阵	1	0	140	2	1	g01_xy_jq_xj_桃花阵	-1	g01_xy_jq_zdo_桃花阵	-1		-1	0	0	0		30000	500	2	10	5	0	0	0	0	0	效果1	17172	效果2	-1	效果3几率	46	效果3	2572		0		0		0		0		0		0		0		0		0		0		0		0	
215	桃花阵防	桃花阵	1	0	150	2	1	g01_xy_jq_xj_桃花阵	-1	g01_xy_jq_zdo_桃花阵	-1		-1	0	0	0		30000	500	2	10	5	0	0	0	0	0	效果1	17173	效果2	-1	效果3几率	48	效果3	2572		0		0		0		0		0		0		0		0		0		0		0		0	
216	桃花阵防	桃花阵	1	0	160	2	1	g01_xy_jq_xj_桃花阵	-1	g01_xy_jq_zdo_桃花阵	-1		-1	0	0	0		30000	500	2	10	5	0	0	0	0	0	效果1	17174	效果2	-1	效果3几率	50	效果3	2572		0		0		0		0		0		0		0		0		0		0		0		0	
217	步步生花	步步生花	5	0	10	3	1	g01_xy_步步生花_陷阱	-1	g01_xy_步步生花_陷阱爆炸	-1		-1	0	0	0		30000	500	2	3	3	0	0	0	0	0	效果1	32583	效果2	-1	效果3几率	10	效果3	2572		0		0		0		0		0		0		0		0		0		0		0		0	
218	步步生花	步步生花	5	0	20	3	1	g01_xy_步步生花_陷阱	-1	g01_xy_步步生花_陷阱爆炸	-1		-1	0	0	0		30000	500	2	3	3	0	0	0	0	0	效果1	32584	效果2	-1	效果3几率	11	效果3	2572		0		0		0		0		0		0		0		0		0		0		0		0	
219	步步生花	步步生花	5	0	30	3	1	g01_xy_步步生花_陷阱	-1	g01_xy_步步生花_陷阱爆炸	-1		-1	0	0	0		30000	500	2	3	3	0	0	0	0	0	效果1	32585	效果2	-1	效果3几率	12	效果3	2572		0		0		0		0		0		0		0		0		0		0		0		0	
220	步步生花	步步生花	5	0	40	3	1	g01_xy_步步生花_陷阱	-1	g01_xy_步步生花_陷阱爆炸	-1		-1	0	0	0		30000	500	2	3	3	0	0	0	0	0	效果1	32586	效果2	-1	效果3几率	13	效果3	2572		0		0		0		0		0		0		0		0		0		0		0		0	
221	步步生花	步步生花	5	0	50	3	1	g01_xy_步步生花_陷阱	-1	g01_xy_步步生花_陷阱爆炸	-1		-1	0	0	0		30000	500	2	3	3	0	0	0	0	0	效果1	32587	效果2	-1	效果3几率	14	效果3	2572		0		0		0		0		0		0		0		0		0		0		0		0	
222	步步生花	步步生花	5	0	60	3	1	g01_xy_步步生花_陷阱	-1	g01_xy_步步生花_陷阱爆炸	-1		-1	0	0	0		30000	500	2	3	3	0	0	0	0	0	效果1	32588	效果2	-1	效果3几率	15	效果3	2572		0		0		0		0		0		0		0		0		0		0		0		0	
223	步步生花	步步生花	5	0	70	3	1	g01_xy_步步生花_陷阱	-1	g01_xy_步步生花_陷阱爆炸	-1		-1	0	0	0		30000	500	2	3	3	0	0	0	0	0	效果1	32589	效果2	-1	效果3几率	16	效果3	2572		0		0		0		0		0		0		0		0		0		0		0		0	
224	步步生花	步步生花	5	0	80	3	1	g01_xy_步步生花_陷阱	-1	g01_xy_步步生花_陷阱爆炸	-1		-1	0	0	0		30000	500	2	3	3	0	0	0	0	0	效果1	32590	效果2	-1	效果3几率	17	效果3	2572		0		0		0		0		0		0		0		0		0		0		0		0	
225	步步生花	步步生花	5	0	90	3	1	g01_xy_步步生花_陷阱	-1	g01_xy_步步生花_陷阱爆炸	-1		-1	0	0	0		30000	500	2	3	3	0	0	0	0	0	效果1	32591	效果2	-1	效果3几率	18	效果3	2572		0		0		0		0		0		0		0		0		0		0		0		0	
226	步步生花	步步生花	5	0	100	3	1	g01_xy_步步生花_陷阱	-1	g01_xy_步步生花_陷阱爆炸	-1		-1	0	0	0		30000	500	2	3	3	0	0	0	0	0	效果1	32592	效果2	-1	效果3几率	19	效果3	2572		0		0		0		0		0		0		0		0		0		0		0		0	
227	步步生花	步步生花	5	0	110	3	1	g01_xy_步步生花_陷阱	-1	g01_xy_步步生花_陷阱爆炸	-1		-1	0	0	0		30000	500	2	3	3	0	0	0	0	0	效果1	32593	效果2	-1	效果3几率	20	效果3	2572		0		0		0		0		0		0		0		0		0		0		0		0	
228	步步生花	步步生花	5	0	120	3	1	g01_xy_步步生花_陷阱	-1	g01_xy_步步生花_陷阱爆炸	-1		-1	0	0	0		30000	500	2	3	3	0	0	0	0	0	效果1	32594	效果2	-1	效果3几率	21	效果3	2572		0		0		0		0		0		0		0		0		0		0		0		0	
229	步步生花	步步生花	5	0	130	3	1	g01_xy_步步生花_陷阱	-1	g01_xy_步步生花_陷阱爆炸	-1		-1	0	0	0		30000	500	2	3	3	0	0	0	0	0	效果1	32595	效果2	-1	效果3几率	22	效果3	2572		0		0		0		0		0		0		0		0		0		0		0		0	
230	步步生花	步步生花	5	0	140	3	1	g01_xy_步步生花_陷阱	-1	g01_xy_步步生花_陷阱爆炸	-1		-1	0	0	0		30000	500	2	3	3	0	0	0	0	0	效果1	32596	效果2	-1	效果3几率	23	效果3	2572		0		0		0		0		0		0		0		0		0		0		0		0	
231	步步生花	步步生花	5	0	150	3	1	g01_xy_步步生花_陷阱	-1	g01_xy_步步生花_陷阱爆炸	-1		-1	0	0	0		30000	500	2	3	3	0	0	0	0	0	效果1	32597	效果2	-1	效果3几率	24	效果3	2572		0		0		0		0		0		0		0		0		0		0		0		0	
232	步步生花	步步生花	5	0	160	3	1	g01_xy_步步生花_陷阱	-1	g01_xy_步步生花_陷阱爆炸	-1		-1	0	0	0		30000	500	2	3	3	0	0	0	0	0	效果1	32598	效果2	-1	效果3几率	25	效果3	2572		0		0		0		0		0		0		0		0		0		0		0		0	
250	破天式	破天式	3	0	0	1	1	m01_gs_破天式_子弹	-1	m01_gs_破天式_子弹爆炸	-1		-1	0	0	0		3000	500	0	5	3	0	0	0	0	0	效果1	21584	效果2	21651	效果3几率	0	效果3	-1		0		0		0		0		0		0		0		0		0		0		0		0	
251	破天式	破天式	3	0	0	1	1	m01_gs_破天式_子弹	-1	m01_gs_破天式_子弹爆炸	-1		-1	0	0	0		3000	500	0	5	3	0	0	0	0	0	效果1	21584	效果2	21652	效果3几率	0	效果3	-1		0		0		0		0		0		0		0		0		0		0		0		0	
252	破天式	破天式	3	0	0	1	1	m01_gs_破天式_子弹	-1	m01_gs_破天式_子弹爆炸	-1		-1	0	0	0		3000	500	0	5	3	0	0	0	0	0	效果1	21584	效果2	21653	效果3几率	0	效果3	-1		0		0		0		0		0		0		0		0		0		0		0		0	
253	破天式	破天式	3	0	0	1	1	m01_gs_破天式_子弹	-1	m01_gs_破天式_子弹爆炸	-1		-1	0	0	0		3000	500	0	5	3	0	0	0	0	0	效果1	21584	效果2	21654	效果3几率	0	效果3	-1		0		0		0		0		0		0		0		0		0		0		0		0	
254	破天式	破天式	3	0	0	1	1	m01_gs_破天式_子弹	-1	m01_gs_破天式_子弹爆炸	-1		-1	0	0	0		3000	500	0	5	3	0	0	0	0	0	效果1	21584	效果2	21655	效果3几率	0	效果3	-1		0		0		0		0		0		0		0		0		0		0		0		0	
255	破天式	破天式	3	0	0	1	1	m01_gs_破天式_子弹	-1	m01_gs_破天式_子弹爆炸	-1		-1	0	0	0		3000	500	0	5	3	0	0	0	0	0	效果1	21584	效果2	21656	效果3几率	0	效果3	-1		0		0		0		0		0		0		0		0		0		0		0		0	
256	破天式	破天式	3	0	0	1	1	m01_gs_破天式_子弹	-1	m01_gs_破天式_子弹爆炸	-1		-1	0	0	0		3000	500	0	5	3	0	0	0	0	0	效果1	21584	效果2	21657	效果3几率	0	效果3	-1		0		0		0		0		0		0		0		0		0		0		0		0	
257	破天式	破天式	3	0	0	1	1	m01_gs_破天式_子弹	-1	m01_gs_破天式_子弹爆炸	-1		-1	0	0	0		3000	500	0	5	3	0	0	0	0	0	效果1	21584	效果2	21658	效果3几率	0	效果3	-1		0		0		0		0		0		0		0		0		0		0		0		0	
258	破天式	破天式	3	0	0	1	1	m01_gs_破天式_子弹	-1	m01_gs_破天式_子弹爆炸	-1		-1	0	0	0		3000	500	0	5	3	0	0	0	0	0	效果1	21584	效果2	21659	效果3几率	0	效果3	-1		0		0		0		0		0		0		0		0		0		0		0		0	
259	破天式	破天式	3	0	0	1	1	m01_gs_破天式_子弹	-1	m01_gs_破天式_子弹爆炸	-1		-1	0	0	0		3000	500	0	5	3	0	0	0	0	0	效果1	21584	效果2	21660	效果3几率	0	效果3	-1		0		0		0		0		0		0		0		0		0		0		0		0	
260	破天式	破天式	3	0	0	1	1	m01_gs_破天式_子弹	-1	m01_gs_破天式_子弹爆炸	-1		-1	0	0	0		3000	500	0	5	3	0	0	0	0	0	效果1	21584	效果2	21661	效果3几率	0	效果3	-1		0		0		0		0		0		0		0		0		0		0		0		0	
261	破天式	破天式	3	0	0	1	1	m01_gs_破天式_子弹	-1	m01_gs_破天式_子弹爆炸	-1		-1	0	0	0		3000	500	0	5	3	0	0	0	0	0	效果1	21584	效果2	21662	效果3几率	0	效果3	-1		0		0		0		0		0		0		0		0		0		0		0		0	
262	破天式	破天式	3	0	0	1	1	m01_gs_破天式_子弹	-1	m01_gs_破天式_子弹爆炸	-1		-1	0	0	0		3000	500	0	5	3	0	0	0	0	0	效果1	21584	效果2	21663	效果3几率	0	效果3	-1		0		0		0		0		0		0		0		0		0		0		0		0	
263	破天式	破天式	3	0	0	1	1	m01_gs_破天式_子弹	-1	m01_gs_破天式_子弹爆炸	-1		-1	0	0	0		3000	500	0	5	3	0	0	0	0	0	效果1	21584	效果2	21664	效果3几率	0	效果3	-1		0		0		0		0		0		0		0		0		0		0		0		0	
264	破天式	破天式	3	0	0	1	1	m01_gs_破天式_子弹	-1	m01_gs_破天式_子弹爆炸	-1		-1	0	0	0		3000	500	0	5	3	0	0	0	0	0	效果1	21584	效果2	21665	效果3几率	0	效果3	-1		0		0		0		0		0		0		0		0		0		0		0		0	
265	破天式	破天式	3	0	0	1	1	m01_gs_破天式_子弹	-1	m01_gs_破天式_子弹爆炸	-1		-1	0	0	0		3000	500	0	5	3	0	0	0	0	0	效果1	21584	效果2	21666	效果3几率	0	效果3	-1		0		0		0		0		0		0		0		0		0		0		0		0	
301	桃花阵攻	桃花阵	1	0	10	2	1	g01_xy_jq_xj_桃花阵	-1	g01_xy_jq_zdo_桃花阵	-1		-1	0	0	0		30000	500	2	10	5	0	0	0	0	0	效果1	2452	效果2	-1	效果3几率	100	效果3	2610		0		0		0		0		0		0		0		0		0		0		0		0	
302	桃花阵攻	桃花阵	1	0	20	2	1	g01_xy_jq_xj_桃花阵	-1	g01_xy_jq_zdo_桃花阵	-1		-1	0	0	0		30000	500	2	10	5	0	0	0	0	0	效果1	2453	效果2	-1	效果3几率	100	效果3	2611		0		0		0		0		0		0		0		0		0		0		0		0	
303	桃花阵攻	桃花阵	1	0	30	2	1	g01_xy_jq_xj_桃花阵	-1	g01_xy_jq_zdo_桃花阵	-1		-1	0	0	0		30000	500	2	10	5	0	0	0	0	0	效果1	2454	效果2	-1	效果3几率	100	效果3	2612		0		0		0		0		0		0		0		0		0		0		0		0	
304	桃花阵攻	桃花阵	1	0	40	2	1	g01_xy_jq_xj_桃花阵	-1	g01_xy_jq_zdo_桃花阵	-1		-1	0	0	0		30000	500	2	10	5	0	0	0	0	0	效果1	2455	效果2	-1	效果3几率	100	效果3	2613		0		0		0		0		0		0		0		0		0		0		0		0	
305	桃花阵攻	桃花阵	1	0	50	2	1	g01_xy_jq_xj_桃花阵	-1	g01_xy_jq_zdo_桃花阵	-1		-1	0	0	0		30000	500	2	10	5	0	0	0	0	0	效果1	2456	效果2	-1	效果3几率	100	效果3	2614		0		0		0		0		0		0		0		0		0		0		0		0	
306	桃花阵攻	桃花阵	1	0	60	2	1	g01_xy_jq_xj_桃花阵	-1	g01_xy_jq_zdo_桃花阵	-1		-1	0	0	0		30000	500	2	10	5	0	0	0	0	0	效果1	2457	效果2	-1	效果3几率	100	效果3	2615		0		0		0		0		0		0		0		0		0		0		0		0	
307	桃花阵攻	桃花阵	1	0	70	2	1	g01_xy_jq_xj_桃花阵	-1	g01_xy_jq_zdo_桃花阵	-1		-1	0	0	0		30000	500	2	10	5	0	0	0	0	0	效果1	2458	效果2	-1	效果3几率	100	效果3	2616		0		0		0		0		0		0		0		0		0		0		0		0	
308	桃花阵攻	桃花阵	1	0	80	2	1	g01_xy_jq_xj_桃花阵	-1	g01_xy_jq_zdo_桃花阵	-1		-1	0	0	0		30000	500	2	10	5	0	0	0	0	0	效果1	2459	效果2	-1	效果3几率	100	效果3	2617		0		0		0		0		0		0		0		0		0		0		0		0	
309	桃花阵攻	桃花阵	1	0	90	2	1	g01_xy_jq_xj_桃花阵	-1	g01_xy_jq_zdo_桃花阵	-1		-1	0	0	0		30000	500	2	10	5	0	0	0	0	0	效果1	2460	效果2	-1	效果3几率	100	效果3	2618		0		0		0		0		0		0		0		0		0		0		0		0	
310	桃花阵攻	桃花阵	1	0	100	2	1	g01_xy_jq_xj_桃花阵	-1	g01_xy_jq_zdo_桃花阵	-1		-1	0	0	0		30000	500	2	10	5	0	0	0	0	0	效果1	2461	效果2	-1	效果3几率	100	效果3	2619		0		0		0		0		0		0		0		0		0		0		0		0	
311	桃花阵攻	桃花阵	1	0	110	2	1	g01_xy_jq_xj_桃花阵	-1	g01_xy_jq_zdo_桃花阵	-1		-1	0	0	0		30000	500	2	10	5	0	0	0	0	0	效果1	2462	效果2	-1	效果3几率	100	效果3	2620		0		0		0		0		0		0		0		0		0		0		0		0	
312	桃花阵攻	桃花阵	1	0	120	2	1	g01_xy_jq_xj_桃花阵	-1	g01_xy_jq_zdo_桃花阵	-1		-1	0	0	0		30000	500	2	10	5	0	0	0	0	0	效果1	2463	效果2	-1	效果3几率	100	效果3	2621		0		0		0		0		0		0		0		0		0		0		0		0	
313	桃花阵攻	桃花阵	1	0	130	2	1	g01_xy_jq_xj_桃花阵	-1	g01_xy_jq_zdo_桃花阵	-1		-1	0	0	0		30000	500	2	10	5	0	0	0	0	0	效果1	17171	效果2	-1	效果3几率	100	效果3	17181		0		0		0		0		0		0		0		0		0		0		0		0	
314	桃花阵攻	桃花阵	1	0	140	2	1	g01_xy_jq_xj_桃花阵	-1	g01_xy_jq_zdo_桃花阵	-1		-1	0	0	0		30000	500	2	10	5	0	0	0	0	0	效果1	17172	效果2	-1	效果3几率	100	效果3	17182		0		0		0		0		0		0		0		0		0		0		0		0	
315	桃花阵攻	桃花阵	1	0	150	2	1	g01_xy_jq_xj_桃花阵	-1	g01_xy_jq_zdo_桃花阵	-1		-1	0	0	0		30000	500	2	10	5	0	0	0	0	0	效果1	17173	效果2	-1	效果3几率	100	效果3	17183		0		0		0		0		0		0		0		0		0		0		0		0	
																																																												
316	桃花阵攻	桃花阵	1	0	160	2	1	g01_xy_jq_xj_桃花阵	-1	g01_xy_jq_zdo_桃花阵	-1		-1	0	0	0		30000	500	2	10	5	0	0	0	0	0	效果1	17174	效果2	-1	效果3几率	100	效果3	17184		0		0		0		0		0		0		0		0		0		0		0		0	
317	步步生花	步步生花	5	0	10	3	1	g01_xy_步步生花_陷阱	-1	g01_xy_步步生花_陷阱爆炸	-1		-1	0	0	0		30000	500	2	3	3	0	0	0	0	0	效果1	32583	效果2	-1	效果3几率	100	效果3	2610		0		0		0		0		0		0		0		0		0		0		0		0	
318	步步生花	步步生花	5	0	20	3	1	g01_xy_步步生花_陷阱	-1	g01_xy_步步生花_陷阱爆炸	-1		-1	0	0	0		30000	500	2	3	3	0	0	0	0	0	效果1	32584	效果2	-1	效果3几率	100	效果3	2611		0		0		0		0		0		0		0		0		0		0		0		0	
319	步步生花	步步生花	5	0	30	3	1	g01_xy_步步生花_陷阱	-1	g01_xy_步步生花_陷阱爆炸	-1		-1	0	0	0		30000	500	2	3	3	0	0	0	0	0	效果1	32585	效果2	-1	效果3几率	100	效果3	2612		0		0		0		0		0		0		0		0		0		0		0		0	
320	步步生花	步步生花	5	0	40	3	1	g01_xy_步步生花_陷阱	-1	g01_xy_步步生花_陷阱爆炸	-1		-1	0	0	0		30000	500	2	3	3	0	0	0	0	0	效果1	32586	效果2	-1	效果3几率	100	效果3	2613		0		0		0		0		0		0		0		0		0		0		0		0	
321	步步生花	步步生花	5	0	50	3	1	g01_xy_步步生花_陷阱	-1	g01_xy_步步生花_陷阱爆炸	-1		-1	0	0	0		30000	500	2	3	3	0	0	0	0	0	效果1	32587	效果2	-1	效果3几率	100	效果3	2614		0		0		0		0		0		0		0		0		0		0		0		0	
322	步步生花	步步生花	5	0	60	3	1	g01_xy_步步生花_陷阱	-1	g01_xy_步步生花_陷阱爆炸	-1		-1	0	0	0		30000	500	2	3	3	0	0	0	0	0	效果1	32588	效果2	-1	效果3几率	100	效果3	2615		0		0		0		0		0		0		0		0		0		0		0		0	
323	步步生花	步步生花	5	0	70	3	1	g01_xy_步步生花_陷阱	-1	g01_xy_步步生花_陷阱爆炸	-1		-1	0	0	0		30000	500	2	3	3	0	0	0	0	0	效果1	32589	效果2	-1	效果3几率	100	效果3	2616		0		0		0		0		0		0		0		0		0		0		0		0	
324	步步生花	步步生花	5	0	80	3	1	g01_xy_步步生花_陷阱	-1	g01_xy_步步生花_陷阱爆炸	-1		-1	0	0	0		30000	500	2	3	3	0	0	0	0	0	效果1	32590	效果2	-1	效果3几率	100	效果3	2617		0		0		0		0		0		0		0		0		0		0		0		0	
325	步步生花	步步生花	5	0	90	3	1	g01_xy_步步生花_陷阱	-1	g01_xy_步步生花_陷阱爆炸	-1		-1	0	0	0		30000	500	2	3	3	0	0	0	0	0	效果1	32591	效果2	-1	效果3几率	100	效果3	2618		0		0		0		0		0		0		0		0		0		0		0		0	
326	步步生花	步步生花	5	0	100	3	1	g01_xy_步步生花_陷阱	-1	g01_xy_步步生花_陷阱爆炸	-1		-1	0	0	0		30000	500	2	3	3	0	0	0	0	0	效果1	32592	效果2	-1	效果3几率	100	效果3	2619		0		0		0		0		0		0		0		0		0		0		0		0	
327	步步生花	步步生花	5	0	110	3	1	g01_xy_步步生花_陷阱	-1	g01_xy_步步生花_陷阱爆炸	-1		-1	0	0	0		30000	500	2	3	3	0	0	0	0	0	效果1	32593	效果2	-1	效果3几率	100	效果3	2620		0		0		0		0		0		0		0		0		0		0		0		0	
328	步步生花	步步生花	5	0	120	3	1	g01_xy_步步生花_陷阱	-1	g01_xy_步步生花_陷阱爆炸	-1		-1	0	0	0		30000	500	2	3	3	0	0	0	0	0	效果1	32594	效果2	-1	效果3几率	100	效果3	2621		0		0		0		0		0		0		0		0		0		0		0		0	
329	步步生花	步步生花	5	0	130	3	1	g01_xy_步步生花_陷阱	-1	g01_xy_步步生花_陷阱爆炸	-1		-1	0	0	0		30000	500	2	3	3	0	0	0	0	0	效果1	32595	效果2	-1	效果3几率	100	效果3	17181		0		0		0		0		0		0		0		0		0		0		0		0	
330	步步生花	步步生花	5	0	140	3	1	g01_xy_步步生花_陷阱	-1	g01_xy_步步生花_陷阱爆炸	-1		-1	0	0	0		30000	500	2	3	3	0	0	0	0	0	效果1	32596	效果2	-1	效果3几率	100	效果3	17182		0		0		0		0		0		0		0		0		0		0		0		0	
331	步步生花	步步生花	5	0	150	3	1	g01_xy_步步生花_陷阱	-1	g01_xy_步步生花_陷阱爆炸	-1		-1	0	0	0		30000	500	2	3	3	0	0	0	0	0	效果1	32597	效果2	-1	效果3几率	100	效果3	17183		0		0		0		0		0		0		0		0		0		0		0		0	
332	步步生花	步步生花	5	0	160	3	1	g01_xy_步步生花_陷阱	-1	g01_xy_步步生花_陷阱爆炸	-1		-1	0	0	0		30000	500	2	3	3	0	0	0	0	0	效果1	32598	效果2	-1	效果3几率	100	效果3	17184		0		0		0		0		0		0		0		0		0		0		0		0	
351	定海神针	定海神针	4	0	0	2	5	g01_xy_定海神针_2	-1	g01_xy_定海神针_3	-1		-1	0	0	0		10000	2000	15	15	4	0	0	0	0	0	效果1	29952	效果2	-1	效果3几率	-1	效果3	-1		0		0		0		0		0		0		0		0		0		0		0		0	
352	定海神针	定海神针	4	0	0	2	6	g01_xy_定海神针_2	-1	g01_xy_定海神针_3	-1		-1	0	0	0		12000	2000	15	15	4	0	0	0	0	0	效果1	29953	效果2	-1	效果3几率	-1	效果3	-1		0		0		0		0		0		0		0		0		0		0		0		0	
353	定海神针	定海神针	4	0	0	2	7	g01_xy_定海神针_2	-1	g01_xy_定海神针_3	-1		-1	0	0	0		14000	2000	15	15	4	0	0	0	0	0	效果1	29954	效果2	-1	效果3几率	-1	效果3	-1		0		0		0		0		0		0		0		0		0		0		0		0	
354	定海神针	定海神针	4	0	0	2	8	g01_xy_定海神针_2	-1	g01_xy_定海神针_3	-1		-1	0	0	0		16000	2000	15	15	4	0	0	0	0	0	效果1	29955	效果2	-1	效果3几率	-1	效果3	-1		0		0		0		0		0		0		0		0		0		0		0		0	
355	定海神针	定海神针	4	0	0	2	9	g01_xy_定海神针_2	-1	g01_xy_定海神针_3	-1		-1	0	0	0		18000	2000	15	15	4	0	0	0	0	0	效果1	29956	效果2	-1	效果3几率	-1	效果3	-1		0		0		0		0		0		0		0		0		0		0		0		0	
356	定海神针	定海神针	4	0	0	2	10	g01_xy_定海神针_2	-1	g01_xy_定海神针_3	-1		-1	0	0	0		20000	2000	15	15	4	0	0	0	0	0	效果1	29957	效果2	-1	效果3几率	-1	效果3	-1		0		0		0		0		0		0		0		0		0		0		0		0	
357	定海神针	定海神针	4	0	0	2	12	g01_xy_定海神针_2	-1	g01_xy_定海神针_3	-1		-1	0	0	0		24000	2000	15	15	4	0	0	0	0	0	效果1	29958	效果2	-1	效果3几率	-1	效果3	-1		0		0		0		0		0		0		0		0		0		0		0		0	
358	定海神针	定海神针	4	0	0	2	14	g01_xy_定海神针_2	-1	g01_xy_定海神针_3	-1		-1	0	0	0		28000	2000	15	15	4	0	0	0	0	0	效果1	29959	效果2	-1	效果3几率	-1	效果3	-1		0		0		0		0		0		0		0		0		0		0		0		0	
359	定海神针	定海神针	4	0	0	2	15	g01_xy_定海神针_2	-1	g01_xy_定海神针_3	-1		-1	0	0	0		30000	2000	15	15	4	0	0	0	0	0	效果1	29960	效果2	-1	效果3几率	-1	效果3	-1		0		0		0		0		0		0		0		0		0		0		0		0	
360	定海神针	定海神针	4	0	0	2	15	g01_xy_定海神针_2	-1	g01_xy_定海神针_3	-1		-1	0	0	0		30000	2000	15	15	4	0	0	0	0	0	效果1	29961	效果2	-1	效果3几率	-1	效果3	-1		0		0		0		0		0		0		0		0		0		0		0		0	
361	定海神针	定海神针	4	0	0	2	15	g01_xy_定海神针_2	-1	g01_xy_定海神针_3	-1		-1	0	0	0		30000	2000	15	15	4	0	0	0	0	0	效果1	29962	效果2	-1	效果3几率	-1	效果3	-1		0		0		0		0		0		0		0		0		0		0		0		0	
362	定海神针	定海神针	4	0	0	2	15	g01_xy_定海神针_2	-1	g01_xy_定海神针_3	-1		-1	0	0	0		30000	2000	15	15	4	0	0	0	0	0	效果1	29963	效果2	-1	效果3几率	-1	效果3	-1		0		0		0		0		0		0		0		0		0		0		0		0	
363	定海神针	定海神针	4	0	0	2	15	g01_xy_定海神针_2	-1	g01_xy_定海神针_3	-1		-1	0	0	0		30000	2000	15	15	4	0	0	0	0	0	效果1	29964	效果2	-1	效果3几率	-1	效果3	-1		0		0		0		0		0		0		0		0		0		0		0		0	
364	定海神针	定海神针	4	0	0	2	15	g01_xy_定海神针_2	-1	g01_xy_定海神针_3	-1		-1	0	0	0		30000	2000	15	15	4	0	0	0	0	0	效果1	29965	效果2	-1	效果3几率	-1	效果3	-1		0		0		0		0		0		0		0		0		0		0		0		0	
365	定海神针	定海神针	4	0	0	2	15	g01_xy_定海神针_2	-1	g01_xy_定海神针_3	-1		-1	0	0	0		30000	2000	15	15	4	0	0	0	0	0	效果1	29966	效果2	-1	效果3几率	-1	效果3	-1		0		0		0		0		0		0		0		0		0		0		0		0	
366	定海神针	定海神针	4	0	0	2	15	g01_xy_定海神针_2	-1	g01_xy_定海神针_3	-1		-1	0	0	0		30000	2000	15	15	4	0	0	0	0	0	效果1	29967	效果2	-1	效果3几率	-1	效果3	-1		0		0		0		0		0		0		0		0		0		0		0		0	
367	定海神针防	定海神针	4	0	0	2	5	g01_xy_定海神针_2	-1	g01_xy_定海神针_3	-1		-1	0	0	0		10000	2000	15	15	4	0	0	0	0	0	效果1	29952	效果2	-1	效果3几率	1	效果3	2572		0		0		0		0		0		0		0		0		0		0		0		0	
368	定海神针防	定海神针	4	0	0	2	6	g01_xy_定海神针_2	-1	g01_xy_定海神针_3	-1		-1	0	0	0		12000	2000	15	15	4	0	0	0	0	0	效果1	29953	效果2	-1	效果3几率	2	效果3	2572		0		0		0		0		0		0		0		0		0		0		0		0	
369	定海神针防	定海神针	4	0	0	2	7	g01_xy_定海神针_2	-1	g01_xy_定海神针_3	-1		-1	0	0	0		14000	2000	15	15	4	0	0	0	0	0	效果1	29954	效果2	-1	效果3几率	3	效果3	2572		0		0		0		0		0		0		0		0		0		0		0		0	
370	定海神针防	定海神针	4	0	0	2	8	g01_xy_定海神针_2	-1	g01_xy_定海神针_3	-1		-1	0	0	0		16000	2000	15	15	4	0	0	0	0	0	效果1	29955	效果2	-1	效果3几率	4	效果3	2572		0		0		0		0		0		0		0		0		0		0		0		0	
371	定海神针防	定海神针	4	0	0	2	9	g01_xy_定海神针_2	-1	g01_xy_定海神针_3	-1		-1	0	0	0		18000	2000	15	15	4	0	0	0	0	0	效果1	29956	效果2	-1	效果3几率	5	效果3	2572		0		0		0		0		0		0		0		0		0		0		0		0	
372	定海神针防	定海神针	4	0	0	2	10	g01_xy_定海神针_2	-1	g01_xy_定海神针_3	-1		-1	0	0	0		20000	2000	15	15	4	0	0	0	0	0	效果1	29957	效果2	-1	效果3几率	6	效果3	2572		0		0		0		0		0		0		0		0		0		0		0		0	
373	定海神针防	定海神针	4	0	0	2	12	g01_xy_定海神针_2	-1	g01_xy_定海神针_3	-1		-1	0	0	0		24000	2000	15	15	4	0	0	0	0	0	效果1	29958	效果2	-1	效果3几率	7	效果3	2572		0		0		0		0		0		0		0		0		0		0		0		0	
374	定海神针防	定海神针	4	0	0	2	14	g01_xy_定海神针_2	-1	g01_xy_定海神针_3	-1		-1	0	0	0		28000	2000	15	15	4	0	0	0	0	0	效果1	29959	效果2	-1	效果3几率	8	效果3	2572		0		0		0		0		0		0		0		0		0		0		0		0	
375	定海神针防	定海神针	4	0	0	2	15	g01_xy_定海神针_2	-1	g01_xy_定海神针_3	-1		-1	0	0	0		30000	2000	15	15	4	0	0	0	0	0	效果1	29960	效果2	-1	效果3几率	9	效果3	2572		0		0		0		0		0		0		0		0		0		0		0		0	
376	定海神针防	定海神针	4	0	0	2	15	g01_xy_定海神针_2	-1	g01_xy_定海神针_3	-1		-1	0	0	0		30000	2000	15	15	4	0	0	0	0	0	效果1	29961	效果2	-1	效果3几率	10	效果3	2572		0		0		0		0		0		0		0		0		0		0		0		0	
377	定海神针防	定海神针	4	0	0	2	15	g01_xy_定海神针_2	-1	g01_xy_定海神针_3	-1		-1	0	0	0		30000	2000	15	15	4	0	0	0	0	0	效果1	29962	效果2	-1	效果3几率	10	效果3	2572		0		0		0		0		0		0		0		0		0		0		0		0	
378	定海神针防	定海神针	4	0	0	2	15	g01_xy_定海神针_2	-1	g01_xy_定海神针_3	-1		-1	0	0	0		30000	2000	15	15	4	0	0	0	0	0	效果1	29963	效果2	-1	效果3几率	10	效果3	2572		0		0		0		0		0		0		0		0		0		0		0		0	
379	定海神针防	定海神针	4	0	0	2	15	g01_xy_定海神针_2	-1	g01_xy_定海神针_3	-1		-1	0	0	0		30000	2000	15	15	4	0	0	0	0	0	效果1	29964	效果2	-1	效果3几率	10	效果3	2572		0		0		0		0		0		0		0		0		0		0		0		0	
380	定海神针防	定海神针	4	0	0	2	15	g01_xy_定海神针_2	-1	g01_xy_定海神针_3	-1		-1	0	0	0		30000	2000	15	15	4	0	0	0	0	0	效果1	29965	效果2	-1	效果3几率	10	效果3	2572		0		0		0		0		0		0		0		0		0		0		0		0	
381	定海神针防	定海神针	4	0	0	2	15	g01_xy_定海神针_2	-1	g01_xy_定海神针_3	-1		-1	0	0	0		30000	2000	15	15	4	0	0	0	0	0	效果1	29966	效果2	-1	效果3几率	10	效果3	2572		0		0		0		0		0		0		0		0		0		0		0		0	
382	定海神针防	定海神针	4	0	0	2	15	g01_xy_定海神针_2	-1	g01_xy_定海神针_3	-1		-1	0	0	0		30000	2000	15	15	4	0	0	0	0	0	效果1	29967	效果2	-1	效果3几率	10	效果3	2572		0		0		0		0		0		0		0		0		0		0		0		0	
383	定海神针攻	定海神针	4	0	0	2	5	g01_xy_定海神针_2	-1	g01_xy_定海神针_3	-1		-1	0	0	0		10000	2000	15	15	4	0	0	0	0	0	效果1	29952	效果2	-1	效果3几率	100	效果3	2610		0		0		0		0		0		0		0		0		0		0		0		0	
384	定海神针攻	定海神针	4	0	0	2	6	g01_xy_定海神针_2	-1	g01_xy_定海神针_3	-1		-1	0	0	0		12000	2000	15	15	4	0	0	0	0	0	效果1	29953	效果2	-1	效果3几率	100	效果3	2611		0		0		0		0		0		0		0		0		0		0		0		0	
385	定海神针攻	定海神针	4	0	0	2	7	g01_xy_定海神针_2	-1	g01_xy_定海神针_3	-1		-1	0	0	0		14000	2000	15	15	4	0	0	0	0	0	效果1	29954	效果2	-1	效果3几率	100	效果3	2612		0		0		0		0		0		0		0		0		0		0		0		0	
386	定海神针攻	定海神针	4	0	0	2	8	g01_xy_定海神针_2	-1	g01_xy_定海神针_3	-1		-1	0	0	0		16000	2000	15	15	4	0	0	0	0	0	效果1	29955	效果2	-1	效果3几率	100	效果3	2613		0		0		0		0		0		0		0		0		0		0		0		0	
387	定海神针攻	定海神针	4	0	0	2	9	g01_xy_定海神针_2	-1	g01_xy_定海神针_3	-1		-1	0	0	0		18000	2000	15	15	4	0	0	0	0	0	效果1	29956	效果2	-1	效果3几率	100	效果3	2614		0		0		0		0		0		0		0		0		0		0		0		0	
388	定海神针攻	定海神针	4	0	0	2	10	g01_xy_定海神针_2	-1	g01_xy_定海神针_3	-1		-1	0	0	0		20000	2000	15	15	4	0	0	0	0	0	效果1	29957	效果2	-1	效果3几率	100	效果3	2615		0		0		0		0		0		0		0		0		0		0		0		0	
389	定海神针攻	定海神针	4	0	0	2	12	g01_xy_定海神针_2	-1	g01_xy_定海神针_3	-1		-1	0	0	0		24000	2000	15	15	4	0	0	0	0	0	效果1	29958	效果2	-1	效果3几率	100	效果3	2616		0		0		0		0		0		0		0		0		0		0		0		0	
390	定海神针攻	定海神针	4	0	0	2	14	g01_xy_定海神针_2	-1	g01_xy_定海神针_3	-1		-1	0	0	0		28000	2000	15	15	4	0	0	0	0	0	效果1	29959	效果2	-1	效果3几率	100	效果3	2617		0		0		0		0		0		0		0		0		0		0		0		0	
391	定海神针攻	定海神针	4	0	0	2	15	g01_xy_定海神针_2	-1	g01_xy_定海神针_3	-1		-1	0	0	0		30000	2000	15	15	4	0	0	0	0	0	效果1	29960	效果2	-1	效果3几率	100	效果3	2618		0		0		0		0		0		0		0		0		0		0		0		0	
392	定海神针攻	定海神针	4	0	0	2	15	g01_xy_定海神针_2	-1	g01_xy_定海神针_3	-1		-1	0	0	0		30000	2000	15	15	4	0	0	0	0	0	效果1	29961	效果2	-1	效果3几率	100	效果3	2619		0		0		0		0		0		0		0		0		0		0		0		0	
393	定海神针攻	定海神针	4	0	0	2	15	g01_xy_定海神针_2	-1	g01_xy_定海神针_3	-1		-1	0	0	0		30000	2000	15	15	4	0	0	0	0	0	效果1	29962	效果2	-1	效果3几率	100	效果3	2620		0		0		0		0		0		0		0		0		0		0		0		0	
394	定海神针攻	定海神针	4	0	0	2	15	g01_xy_定海神针_2	-1	g01_xy_定海神针_3	-1		-1	0	0	0		30000	2000	15	15	4	0	0	0	0	0	效果1	29963	效果2	-1	效果3几率	100	效果3	2621		0		0		0		0		0		0		0		0		0		0		0		0	
395	定海神针攻	定海神针	4	0	0	2	15	g01_xy_定海神针_2	-1	g01_xy_定海神针_3	-1		-1	0	0	0		30000	2000	15	15	4	0	0	0	0	0	效果1	29964	效果2	-1	效果3几率	100	效果3	17181		0		0		0		0		0		0		0		0		0		0		0		0	
396	定海神针攻	定海神针	4	0	0	2	15	g01_xy_定海神针_2	-1	g01_xy_定海神针_3	-1		-1	0	0	0		30000	2000	15	15	4	0	0	0	0	0	效果1	29965	效果2	-1	效果3几率	100	效果3	17182		0		0		0		0		0		0		0		0		0		0		0		0	
397	定海神针攻	定海神针	4	0	0	2	15	g01_xy_定海神针_2	-1	g01_xy_定海神针_3	-1		-1	0	0	0		30000	2000	15	15	4	0	0	0	0	0	效果1	29966	效果2	-1	效果3几率	100	效果3	17183		0		0		0		0		0		0		0		0		0		0		0		0	
398	定海神针攻	定海神针	4	0	0	2	15	g01_xy_定海神针_2	-1	g01_xy_定海神针_3	-1		-1	0	0	0		30000	2000	15	15	4	0	0	0	0	0	效果1	29967	效果2	-1	效果3几率	100	效果3	17184		0		0		0		0		0		0		0		0		0		0		0		0	
401	八阵图	八阵图	2	0	10	1	1	g01_xy_jq_xj_八阵图	-1	g01_xy_jq_zdo_八阵图_2	-1		-1	0	0	0		30000	500	0	4	6	0	0	0	0	0	效果1	2452	效果2	2683	效果3几率	-1	效果3	-1		0		0		0		0		0		0		0		0		0		0		0		0	
402	八阵图	八阵图	2	0	20	1	1	g01_xy_jq_xj_八阵图	-1	g01_xy_jq_zdo_八阵图_2	-1		-1	0	0	0		30000	500	0	4	6	0	0	0	0	0	效果1	2453	效果2	2683	效果3几率	-1	效果3	-1		0		0		0		0		0		0		0		0		0		0		0		0	
403	八阵图	八阵图	2	0	30	1	1	g01_xy_jq_xj_八阵图	-1	g01_xy_jq_zdo_八阵图_2	-1		-1	0	0	0		30000	500	0	4	6	0	0	0	0	0	效果1	2454	效果2	2683	效果3几率	-1	效果3	-1		0		0		0		0		0		0		0		0		0		0		0		0	
404	八阵图	八阵图	2	0	40	1	1	g01_xy_jq_xj_八阵图	-1	g01_xy_jq_zdo_八阵图_2	-1		-1	0	0	0		30000	500	0	4	6	0	0	0	0	0	效果1	2455	效果2	2683	效果3几率	-1	效果3	-1		0		0		0		0		0		0		0		0		0		0		0		0	
405	八阵图	八阵图	2	0	50	1	1	g01_xy_jq_xj_八阵图	-1	g01_xy_jq_zdo_八阵图_2	-1		-1	0	0	0		30000	500	0	4	6	0	0	0	0	0	效果1	2456	效果2	2683	效果3几率	-1	效果3	-1		0		0		0		0		0		0		0		0		0		0		0		0	
406	八阵图	八阵图	2	0	60	1	1	g01_xy_jq_xj_八阵图	-1	g01_xy_jq_zdo_八阵图_2	-1		-1	0	0	0		30000	500	0	4	6	0	0	0	0	0	效果1	2457	效果2	2683	效果3几率	-1	效果3	-1		0		0		0		0		0		0		0		0		0		0		0		0	
407	八阵图	八阵图	2	0	70	1	1	g01_xy_jq_xj_八阵图	-1	g01_xy_jq_zdo_八阵图_2	-1		-1	0	0	0		30000	500	0	4	6	0	0	0	0	0	效果1	2458	效果2	2683	效果3几率	-1	效果3	-1		0		0		0		0		0		0		0		0		0		0		0		0	
408	八阵图	八阵图	2	0	80	1	1	g01_xy_jq_xj_八阵图	-1	g01_xy_jq_zdo_八阵图_2	-1		-1	0	0	0		30000	500	0	4	6	0	0	0	0	0	效果1	2459	效果2	2683	效果3几率	-1	效果3	-1		0		0		0		0		0		0		0		0		0		0		0		0	
409	八阵图	八阵图	2	0	90	1	1	g01_xy_jq_xj_八阵图	-1	g01_xy_jq_zdo_八阵图_2	-1		-1	0	0	0		30000	500	0	4	6	0	0	0	0	0	效果1	2460	效果2	2683	效果3几率	-1	效果3	-1		0		0		0		0		0		0		0		0		0		0		0		0	
410	八阵图	八阵图	2	0	100	1	1	g01_xy_jq_xj_八阵图	-1	g01_xy_jq_zdo_八阵图_2	-1		-1	0	0	0		30000	500	0	4	6	0	0	0	0	0	效果1	2461	效果2	2683	效果3几率	-1	效果3	-1		0		0		0		0		0		0		0		0		0		0		0		0	
411	八阵图	八阵图	2	0	110	1	1	g01_xy_jq_xj_八阵图	-1	g01_xy_jq_zdo_八阵图_2	-1		-1	0	0	0		30000	500	0	4	6	0	0	0	0	0	效果1	2462	效果2	2683	效果3几率	-1	效果3	-1		0		0		0		0		0		0		0		0		0		0		0		0	
412	八阵图	八阵图	2	0	120	1	1	g01_xy_jq_xj_八阵图	-1	g01_xy_jq_zdo_八阵图_2	-1		-1	0	0	0		30000	500	0	4	6	0	0	0	0	0	效果1	2463	效果2	2683	效果3几率	-1	效果3	-1		0		0		0		0		0		0		0		0		0		0		0		0	
413	八阵图	八阵图	2	0	130	1	1	g01_xy_jq_xj_八阵图	-1	g01_xy_jq_zdo_八阵图_2	-1		-1	0	0	0		30000	500	0	4	6	0	0	0	0	0	效果1	17241	效果2	2683	效果3几率	-1	效果3	-1		0		0		0		0		0		0		0		0		0		0		0		0	
414	八阵图	八阵图	2	0	140	1	1	g01_xy_jq_xj_八阵图	-1	g01_xy_jq_zdo_八阵图_2	-1		-1	0	0	0		30000	500	0	4	6	0	0	0	0	0	效果1	17242	效果2	2683	效果3几率	-1	效果3	-1		0		0		0		0		0		0		0		0		0		0		0		0	
415	八阵图	八阵图	2	0	150	1	1	g01_xy_jq_xj_八阵图	-1	g01_xy_jq_zdo_八阵图_2	-1		-1	0	0	0		30000	500	0	4	6	0	0	0	0	0	效果1	17243	效果2	2683	效果3几率	-1	效果3	-1		0		0		0		0		0		0		0		0		0		0		0		0	
416	八阵图	八阵图	2	0	160	1	1	g01_xy_jq_xj_八阵图	-1	g01_xy_jq_zdo_八阵图_2	-1		-1	0	0	0		30000	500	0	4	6	0	0	0	0	0	效果1	17244	效果2	2683	效果3几率	-1	效果3	-1		0		0		0		0		0		0		0		0		0		0		0		0	
501	八阵图防	八阵图	2	0	10	1	1	g01_xy_jq_xj_八阵图	-1	g01_xy_jq_zdo_八阵图_2	-1		-1	0	0	0		30000	500	0	4	6	0	0	0	0	0	效果1	2452	效果2	2683	效果3几率	20	效果3	2572		0		0		0		0		0		0		0		0		0		0		0		0	
502	八阵图防	八阵图	2	0	20	1	1	g01_xy_jq_xj_八阵图	-1	g01_xy_jq_zdo_八阵图_2	-1		-1	0	0	0		30000	500	0	4	6	0	0	0	0	0	效果1	2453	效果2	2683	效果3几率	22	效果3	2572		0		0		0		0		0		0		0		0		0		0		0		0	
503	八阵图防	八阵图	2	0	30	1	1	g01_xy_jq_xj_八阵图	-1	g01_xy_jq_zdo_八阵图_2	-1		-1	0	0	0		30000	500	0	4	6	0	0	0	0	0	效果1	2454	效果2	2683	效果3几率	24	效果3	2572		0		0		0		0		0		0		0		0		0		0		0		0	
504	八阵图防	八阵图	2	0	40	1	1	g01_xy_jq_xj_八阵图	-1	g01_xy_jq_zdo_八阵图_2	-1		-1	0	0	0		30000	500	0	4	6	0	0	0	0	0	效果1	2455	效果2	2683	效果3几率	26	效果3	2572		0		0		0		0		0		0		0		0		0		0		0		0	
505	八阵图防	八阵图	2	0	50	1	1	g01_xy_jq_xj_八阵图	-1	g01_xy_jq_zdo_八阵图_2	-1		-1	0	0	0		30000	500	0	4	6	0	0	0	0	0	效果1	2456	效果2	2683	效果3几率	28	效果3	2572		0		0		0		0		0		0		0		0		0		0		0		0	
506	八阵图防	八阵图	2	0	60	1	1	g01_xy_jq_xj_八阵图	-1	g01_xy_jq_zdo_八阵图_2	-1		-1	0	0	0		30000	500	0	4	6	0	0	0	0	0	效果1	2457	效果2	2683	效果3几率	30	效果3	2572		0		0		0		0		0		0		0		0		0		0		0		0	
507	八阵图防	八阵图	2	0	70	1	1	g01_xy_jq_xj_八阵图	-1	g01_xy_jq_zdo_八阵图_2	-1		-1	0	0	0		30000	500	0	4	6	0	0	0	0	0	效果1	2458	效果2	2683	效果3几率	32	效果3	2572		0		0		0		0		0		0		0		0		0		0		0		0	
508	八阵图防	八阵图	2	0	80	1	1	g01_xy_jq_xj_八阵图	-1	g01_xy_jq_zdo_八阵图_2	-1		-1	0	0	0		30000	500	0	4	6	0	0	0	0	0	效果1	2459	效果2	2683	效果3几率	34	效果3	2572		0		0		0		0		0		0		0		0		0		0		0		0	
509	八阵图防	八阵图	2	0	90	1	1	g01_xy_jq_xj_八阵图	-1	g01_xy_jq_zdo_八阵图_2	-1		-1	0	0	0		30000	500	0	4	6	0	0	0	0	0	效果1	2460	效果2	2683	效果3几率	36	效果3	2572		0		0		0		0		0		0		0		0		0		0		0		0	
510	八阵图防	八阵图	2	0	100	1	1	g01_xy_jq_xj_八阵图	-1	g01_xy_jq_zdo_八阵图_2	-1		-1	0	0	0		30000	500	0	4	6	0	0	0	0	0	效果1	2461	效果2	2683	效果3几率	38	效果3	2572		0		0		0		0		0		0		0		0		0		0		0		0	
511	八阵图防	八阵图	2	0	110	1	1	g01_xy_jq_xj_八阵图	-1	g01_xy_jq_zdo_八阵图_2	-1		-1	0	0	0		30000	500	0	4	6	0	0	0	0	0	效果1	2462	效果2	2683	效果3几率	40	效果3	2572		0		0		0		0		0		0		0		0		0		0		0		0	
512	八阵图防	八阵图	2	0	120	1	1	g01_xy_jq_xj_八阵图	-1	g01_xy_jq_zdo_八阵图_2	-1		-1	0	0	0		30000	500	0	4	6	0	0	0	0	0	效果1	2463	效果2	2683	效果3几率	42	效果3	2572		0		0		0		0		0		0		0		0		0		0		0		0	
513	八阵图防	八阵图	2	0	130	1	1	g01_xy_jq_xj_八阵图	-1	g01_xy_jq_zdo_八阵图_2	-1		-1	0	0	0		30000	500	0	4	6	0	0	0	0	0	效果1	17241	效果2	2683	效果3几率	44	效果3	2572		0		0		0		0		0		0		0		0		0		0		0		0	
514	八阵图防	八阵图	2	0	140	1	1	g01_xy_jq_xj_八阵图	-1	g01_xy_jq_zdo_八阵图_2	-1		-1	0	0	0		30000	500	0	4	6	0	0	0	0	0	效果1	17242	效果2	2683	效果3几率	46	效果3	2572		0		0		0		0		0		0		0		0		0		0		0		0	
515	八阵图防	八阵图	2	0	150	1	1	g01_xy_jq_xj_八阵图	-1	g01_xy_jq_zdo_八阵图_2	-1		-1	0	0	0		30000	500	0	4	6	0	0	0	0	0	效果1	17243	效果2	2683	效果3几率	48	效果3	2572		0		0		0		0		0		0		0		0		0		0		0		0	
516	八阵图防	八阵图	2	0	160	1	1	g01_xy_jq_xj_八阵图	-1	g01_xy_jq_zdo_八阵图_2	-1		-1	0	0	0		30000	500	0	4	6	0	0	0	0	0	效果1	17244	效果2	2683	效果3几率	50	效果3	2572		0		0		0		0		0		0		0		0		0		0		0		0	
601	八阵图攻	八阵图	2	0	10	1	1	g01_xy_jq_xj_八阵图	-1	g01_xy_jq_zdo_八阵图_2	-1		-1	0	0	0		30000	500	0	4	6	0	0	0	0	0	效果1	2452	效果2	2683	效果3几率	100	效果3	2610		0		0		0		0		0		0		0		0		0		0		0		0	
602	八阵图攻	八阵图	2	0	20	1	1	g01_xy_jq_xj_八阵图	-1	g01_xy_jq_zdo_八阵图_2	-1		-1	0	0	0		30000	500	0	4	6	0	0	0	0	0	效果1	2453	效果2	2683	效果3几率	100	效果3	2611		0		0		0		0		0		0		0		0		0		0		0		0	
603	八阵图攻	八阵图	2	0	30	1	1	g01_xy_jq_xj_八阵图	-1	g01_xy_jq_zdo_八阵图_2	-1		-1	0	0	0		30000	500	0	4	6	0	0	0	0	0	效果1	2454	效果2	2683	效果3几率	100	效果3	2612		0		0		0		0		0		0		0		0		0		0		0		0	
604	八阵图攻	八阵图	2	0	40	1	1	g01_xy_jq_xj_八阵图	-1	g01_xy_jq_zdo_八阵图_2	-1		-1	0	0	0		30000	500	0	4	6	0	0	0	0	0	效果1	2455	效果2	2683	效果3几率	100	效果3	2613		0		0		0		0		0		0		0		0		0		0		0		0	
605	八阵图攻	八阵图	2	0	50	1	1	g01_xy_jq_xj_八阵图	-1	g01_xy_jq_zdo_八阵图_2	-1		-1	0	0	0		30000	500	0	4	6	0	0	0	0	0	效果1	2456	效果2	2683	效果3几率	100	效果3	2614		0		0		0		0		0		0		0		0		0		0		0		0	
606	八阵图攻	八阵图	2	0	60	1	1	g01_xy_jq_xj_八阵图	-1	g01_xy_jq_zdo_八阵图_2	-1		-1	0	0	0		30000	500	0	4	6	0	0	0	0	0	效果1	2457	效果2	2683	效果3几率	100	效果3	2615		0		0		0		0		0		0		0		0		0		0		0		0	
607	八阵图攻	八阵图	2	0	70	1	1	g01_xy_jq_xj_八阵图	-1	g01_xy_jq_zdo_八阵图_2	-1		-1	0	0	0		30000	500	0	4	6	0	0	0	0	0	效果1	2458	效果2	2683	效果3几率	100	效果3	2616		0		0		0		0		0		0		0		0		0		0		0		0	
608	八阵图攻	八阵图	2	0	80	1	1	g01_xy_jq_xj_八阵图	-1	g01_xy_jq_zdo_八阵图_2	-1		-1	0	0	0		30000	500	0	4	6	0	0	0	0	0	效果1	2459	效果2	2683	效果3几率	100	效果3	2617		0		0		0		0		0		0		0		0		0		0		0		0	
609	八阵图攻	八阵图	2	0	90	1	1	g01_xy_jq_xj_八阵图	-1	g01_xy_jq_zdo_八阵图_2	-1		-1	0	0	0		30000	500	0	4	6	0	0	0	0	0	效果1	2460	效果2	2683	效果3几率	100	效果3	2618		0		0		0		0		0		0		0		0		0		0		0		0	
610	八阵图攻	八阵图	2	0	100	1	1	g01_xy_jq_xj_八阵图	-1	g01_xy_jq_zdo_八阵图_2	-1		-1	0	0	0		30000	500	0	4	6	0	0	0	0	0	效果1	2461	效果2	2683	效果3几率	100	效果3	2619		0		0		0		0		0		0		0		0		0		0		0		0	
611	八阵图攻	八阵图	2	0	110	1	1	g01_xy_jq_xj_八阵图	-1	g01_xy_jq_zdo_八阵图_2	-1		-1	0	0	0		30000	500	0	4	6	0	0	0	0	0	效果1	2462	效果2	2683	效果3几率	100	效果3	2620		0		0		0		0		0		0		0		0		0		0		0		0	
612	八阵图攻	八阵图	2	0	120	1	1	g01_xy_jq_xj_八阵图	-1	g01_xy_jq_zdo_八阵图_2	-1		-1	0	0	0		30000	500	0	4	6	0	0	0	0	0	效果1	2463	效果2	2683	效果3几率	100	效果3	2621		0		0		0		0		0		0		0		0		0		0		0		0	
613	八阵图攻	八阵图	2	0	130	1	1	g01_xy_jq_xj_八阵图	-1	g01_xy_jq_zdo_八阵图_2	-1		-1	0	0	0		30000	500	0	4	6	0	0	0	0	0	效果1	17241	效果2	2683	效果3几率	100	效果3	17181		0		0		0		0		0		0		0		0		0		0		0		0	
614	八阵图攻	八阵图	2	0	140	1	1	g01_xy_jq_xj_八阵图	-1	g01_xy_jq_zdo_八阵图_2	-1		-1	0	0	0		30000	500	0	4	6	0	0	0	0	0	效果1	17242	效果2	2683	效果3几率	100	效果3	17182		0		0		0		0		0		0		0		0		0		0		0		0	
615	八阵图攻	八阵图	2	0	150	1	1	g01_xy_jq_xj_八阵图	-1	g01_xy_jq_zdo_八阵图_2	-1		-1	0	0	0		30000	500	0	4	6	0	0	0	0	0	效果1	17243	效果2	2683	效果3几率	100	效果3	17183		0		0		0		0		0		0		0		0		0		0		0		0	
616	八阵图攻	八阵图	2	0	160	1	1	g01_xy_jq_xj_八阵图	-1	g01_xy_jq_zdo_八阵图_2	-1		-1	0	0	0		30000	500	0	4	6	0	0	0	0	0	效果1	17244	效果2	2683	效果3几率	100	效果3	17184		0		0		0		0		0		0		0		0		0		0		0		0	
701	初级陷阱	初级陷阱	-1	0	10	2	1	g01_bamenjinsuo	-1	g01_xy_jq_zdo_八阵图_2	-1		-1	0	0	0		15000	500	2	2	1	0	0	0	0	0	效果1	111	效果2	-1	效果3几率	-1	效果3	-1		0		0		0		0		0		0		0		0		0		0		0		0	
711	欢度新春	欢度新春	0	1	0	0	0	yanhua_10Q4春节一	-1		-1		-1	0	0	0		30000	500	0	0	0	0	0	0	0	0	效果1	-1	效果2	-1	效果3几率	-1	效果3	-1		0		0		0		0		0		0		0		0		0		0		0		0	
712	合家共乐	合家共乐	0	1	0	0	0	yanhua_10Q4春节二_01	-1		-1		-1	0	0	0		30000	500	0	0	0	0	0	0	0	0	效果1	-1	效果2	-1	效果3几率	-1	效果3	-1		0		0		0		0		0		0		0		0		0		0		0		0	
713	我要结婚	我要结婚	0	1	0	0	0	yanhua_10Q4情人节	-1		-1		-1	0	0	0		30000	500	0	0	0	0	0	0	0	0	效果1	-1	效果2	-1	效果3几率	-1	效果3	-1		0		0		0		0		0		0		0		0		0		0		0		0	
714	荧舞缎飞	荧舞缎飞	0	1	0	0	0	yanhua_2010Q4情人节2	-1		-1		-1	0	0	0		30000	500	0	0	0	0	0	0	0	0	效果1	-1	效果2	-1	效果3几率	-1	效果3	-1		0		0		0		0		0		0		0		0		0		0		0		0	
715	愚人节快乐	愚人节快乐	0	1	0	0	0	yanhua_2011Q1_愚人节2	-1		-1		-1	0	0	0		30000	500	0	0	0	0	0	0	0	0	效果1	-1	效果2	-1	效果3几率	-1	效果3	-1		0		0		0		0		0		0		0		0		0		0		0		0	
716	欢庆五一	欢庆五一	0	1	0	0	0	yanhua_11Q2劳动节_01	-1		-1		-1	0	0	0		30000	500	0	0	0	0	0	0	0	0	效果1	-1	效果2	-1	效果3几率	-1	效果3	-1		0		0		0		0		0		0		0		0		0		0		0		0	
717	劳动最闪耀	劳动最闪耀	0	1	0	0	0	yanhua_2011Q2_五一	-1		-1		-1	0	0	0		30000	500	0	0	0	0	0	0	0	0	效果1	-1	效果2	-1	效果3几率	-1	效果3	-1		0		0		0		0		0		0		0		0		0		0		0		0	
718	鱼刷新点_橙	鱼刷新点_橙	0	1	0	0	0	帮会循环任务_鱼刷新点_橙	-1		-1		-1	0	0	0		180000	500	0	0	0	0	0	0	0	0	效果1	-1	效果2	-1	效果3几率	-1	效果3	-1		0		0		0		0		0		0		0		0		0		0		0		0	
719	鱼刷新点_粉	鱼刷新点_粉	0	1	0	0	0	帮会循环任务_鱼刷新点_粉	-1		-1		-1	0	0	0		180000	500	0	0	0	0	0	0	0	0	效果1	-1	效果2	-1	效果3几率	-1	效果3	-1		0		0		0		0		0		0		0		0		0		0		0		0	
720	鱼刷新点_紫	鱼刷新点_紫	0	1	0	0	0	帮会循环任务_鱼刷新点_紫	-1		-1		-1	0	0	0		180000	500	0	0	0	0	0	0	0	0	效果1	-1	效果2	-1	效果3几率	-1	效果3	-1		0		0		0		0		0		0		0		0		0		0		0		0	
721	鱼刷新点_红	鱼刷新点_红	0	1	0	0	0	帮会循环任务_鱼刷新点_红	-1		-1		-1	0	0	0		180000	500	0	0	0	0	0	0	0	0	效果1	-1	效果2	-1	效果3几率	-1	效果3	-1		0		0		0		0		0		0		0		0		0		0		0		0	
722	鱼刷新点_蓝	鱼刷新点_蓝	0	1	0	0	0	帮会循环任务_鱼刷新点_蓝	-1		-1		-1	0	0	0		180000	500	0	0	0	0	0	0	0	0	效果1	-1	效果2	-1	效果3几率	-1	效果3	-1		0		0		0		0		0		0		0		0		0		0		0		0	
723	鱼刷新点_黄	鱼刷新点_黄	0	1	0	0	0	帮会循环任务_鱼刷新点_黄	-1		-1		-1	0	0	0		180000	500	0	0	0	0	0	0	0	0	效果1	-1	效果2	-1	效果3几率	-1	效果3	-1		0		0		0		0		0		0		0		0		0		0		0		0	
724	害虫刷新点_紫	害虫刷新点_紫	0	1	0	0	0	帮会循环任务_害虫刷新点_紫	-1		-1		-1	0	0	0		2000	500	0	0	0	0	0	0	0	0	效果1	-1	效果2	-1	效果3几率	-1	效果3	-1		0		0		0		0		0		0		0		0		0		0		0		0	
725	害虫刷新点_绿	害虫刷新点_绿	0	1	0	0	0	帮会循环任务_害虫刷新点_绿	-1		-1		-1	0	0	0		2000	500	0	0	0	0	0	0	0	0	效果1	-1	效果2	-1	效果3几率	-1	效果3	-1		0		0		0		0		0		0		0		0		0		0		0		0	
726	害虫刷新点_金	害虫刷新点_金	0	1	0	0	0	帮会循环任务_害虫刷新点_金	-1		-1		-1	0	0	0		2000	500	0	0	0	0	0	0	0	0	效果1	-1	效果2	-1	效果3几率	-1	效果3	-1		0		0		0		0		0		0		0		0		0		0		0		0	
727	害虫刷新点_青	害虫刷新点_青	0	1	0	0	0	帮会循环任务_害虫刷新点_青	-1		-1		-1	0	0	0		2000	500	0	0	0	0	0	0	0	0	效果1	-1	效果2	-1	效果3几率	-1	效果3	-1		0		0		0		0		0		0		0		0		0		0		0		0	
728	夏之锦幅	夏之锦幅	0	1	0	0	0	yanhua_11Q2_水花	-1		-1		-1	0	0	0		30000	500	0	0	0	0	0	0	0	0	效果1	-1	效果2	-1	效果3几率	-1	效果3	-1		0		0		0		0		0		0		0		0		0		0		0		0	
729	夏之圆舞	夏之圆舞	0	1	0	0	0	yanhua_11Q2_水花二	-1		-1		-1	0	0	0		30000	500	0	0	0	0	0	0	0	0	效果1	-1	效果2	-1	效果3几率	-1	效果3	-1		0		0		0		0		0		0		0		0		0		0		0		0	
730	收获金秋	收获金秋	0	1	0	0	0	yanhua_11Q3中秋节2_01	-1		-1		-1	0	0	0		30000	500	0	0	0	0	0	0	0	0	效果1	-1	效果2	-1	效果3几率	-1	效果3	-1		0		0		0		0		0		0		0		0		0		0		0		0	
731	月圆中秋	月圆中秋	0	1	0	0	0	yanhua_11Q3中秋节_01	-1		-1		-1	0	0	0		30000	500	0	0	0	0	0	0	0	0	效果1	-1	效果2	-1	效果3几率	-1	效果3	-1		0		0		0		0		0		0		0		0		0		0		0		0	
732	再创辉煌	再创辉煌	0	1	0	0	0	yanhuo_62国庆02	-1		-1		-1	0	0	0		35000	500	0	0	0	0	0	0	0	0	效果1	-1	效果2	-1	效果3几率	-1	效果3	-1		0		0		0		0		0		0		0		0		0		0		0		0	
733	日新月异	日新月异	0	1	0	0	0	yanhuo_62国庆01	-1		-1		-1	0	0	0		35000	500	0	0	0	0	0	0	0	0	效果1	-1	效果2	-1	效果3几率	-1	效果3	-1		0		0		0		0		0		0		0		0		0		0		0		0	
801	诛仙阵	诛仙阵	3	0	10	1	1	g01_xy_jq_xj_诛仙阵	-1	g01_xy_jq_zdo_诛仙阵_1	-1		-1	0	0	0		10000	500	0	6	6	0	0	0	0	0	效果1	2749	效果2	2684	效果3几率	-1	效果3	-1		0		0		0		0		0		0		0		0		0		0		0		0	
802	诛仙阵	诛仙阵	3	0	20	1	1	g01_xy_jq_xj_诛仙阵	-1	g01_xy_jq_zdo_诛仙阵_1	-1		-1	0	0	0		10000	500	0	6	6	0	0	0	0	0	效果1	2750	效果2	2684	效果3几率	-1	效果3	-1		0		0		0		0		0		0		0		0		0		0		0		0	
803	诛仙阵	诛仙阵	3	0	30	1	1	g01_xy_jq_xj_诛仙阵	-1	g01_xy_jq_zdo_诛仙阵_1	-1		-1	0	0	0		10000	500	0	6	6	0	0	0	0	0	效果1	2751	效果2	2684	效果3几率	-1	效果3	-1		0		0		0		0		0		0		0		0		0		0		0		0	
804	诛仙阵	诛仙阵	3	0	40	1	1	g01_xy_jq_xj_诛仙阵	-1	g01_xy_jq_zdo_诛仙阵_1	-1		-1	0	0	0		10000	500	0	6	6	0	0	0	0	0	效果1	2752	效果2	2684	效果3几率	-1	效果3	-1		0		0		0		0		0		0		0		0		0		0		0		0	
805	诛仙阵	诛仙阵	3	0	50	1	1	g01_xy_jq_xj_诛仙阵	-1	g01_xy_jq_zdo_诛仙阵_1	-1		-1	0	0	0		10000	500	0	6	6	0	0	0	0	0	效果1	2753	效果2	2684	效果3几率	-1	效果3	-1		0		0		0		0		0		0		0		0		0		0		0		0	
806	诛仙阵	诛仙阵	3	0	60	1	1	g01_xy_jq_xj_诛仙阵	-1	g01_xy_jq_zdo_诛仙阵_1	-1		-1	0	0	0		10000	500	0	6	6	0	0	0	0	0	效果1	2754	效果2	2684	效果3几率	-1	效果3	-1		0		0		0		0		0		0		0		0		0		0		0		0	
807	诛仙阵	诛仙阵	3	0	70	1	1	g01_xy_jq_xj_诛仙阵	-1	g01_xy_jq_zdo_诛仙阵_1	-1		-1	0	0	0		10000	500	0	6	6	0	0	0	0	0	效果1	2755	效果2	2684	效果3几率	-1	效果3	-1		0		0		0		0		0		0		0		0		0		0		0		0	
808	诛仙阵	诛仙阵	3	0	80	1	1	g01_xy_jq_xj_诛仙阵	-1	g01_xy_jq_zdo_诛仙阵_1	-1		-1	0	0	0		10000	500	0	6	6	0	0	0	0	0	效果1	2756	效果2	2684	效果3几率	-1	效果3	-1		0		0		0		0		0		0		0		0		0		0		0		0	
809	诛仙阵	诛仙阵	3	0	90	1	1	g01_xy_jq_xj_诛仙阵	-1	g01_xy_jq_zdo_诛仙阵_1	-1		-1	0	0	0		10000	500	0	6	6	0	0	0	0	0	效果1	2757	效果2	2684	效果3几率	-1	效果3	-1		0		0		0		0		0		0		0		0		0		0		0		0	
810	诛仙阵	诛仙阵	3	0	100	1	1	g01_xy_jq_xj_诛仙阵	-1	g01_xy_jq_zdo_诛仙阵_1	-1		-1	0	0	0		10000	500	0	6	6	0	0	0	0	0	效果1	2758	效果2	2684	效果3几率	-1	效果3	-1		0		0		0		0		0		0		0		0		0		0		0		0	
811	诛仙阵	诛仙阵	3	0	110	1	1	g01_xy_jq_xj_诛仙阵	-1	g01_xy_jq_zdo_诛仙阵_1	-1		-1	0	0	0		10000	500	0	6	6	0	0	0	0	0	效果1	2759	效果2	2684	效果3几率	-1	效果3	-1		0		0		0		0		0		0		0		0		0		0		0		0	
812	诛仙阵	诛仙阵	3	0	120	1	1	g01_xy_jq_xj_诛仙阵	-1	g01_xy_jq_zdo_诛仙阵_1	-1		-1	0	0	0		10000	500	0	6	6	0	0	0	0	0	效果1	2760	效果2	2684	效果3几率	-1	效果3	-1		0		0		0		0		0		0		0		0		0		0		0		0	
813	诛仙阵	诛仙阵	3	0	130	1	1	g01_xy_jq_xj_诛仙阵	-1	g01_xy_jq_zdo_诛仙阵_1	-1		-1	0	0	0		10000	500	0	6	6	0	0	0	0	0	效果1	17361	效果2	2684	效果3几率	-1	效果3	-1		0		0		0		0		0		0		0		0		0		0		0		0	
814	诛仙阵	诛仙阵	3	0	140	1	1	g01_xy_jq_xj_诛仙阵	-1	g01_xy_jq_zdo_诛仙阵_1	-1		-1	0	0	0		10000	500	0	6	6	0	0	0	0	0	效果1	17362	效果2	2684	效果3几率	-1	效果3	-1		0		0		0		0		0		0		0		0		0		0		0		0	
815	诛仙阵	诛仙阵	3	0	150	1	1	g01_xy_jq_xj_诛仙阵	-1	g01_xy_jq_zdo_诛仙阵_1	-1		-1	0	0	0		10000	500	0	6	6	0	0	0	0	0	效果1	17363	效果2	2684	效果3几率	-1	效果3	-1		0		0		0		0		0		0		0		0		0		0		0		0	
816	诛仙阵	诛仙阵	3	0	160	1	1	g01_xy_jq_xj_诛仙阵	-1	g01_xy_jq_zdo_诛仙阵_1	-1		-1	0	0	0		10000	500	0	6	6	0	0	0	0	0	效果1	17364	效果2	2684	效果3几率	-1	效果3	-1		0		0		0		0		0		0		0		0		0		0		0		0	
901	诛仙阵防	诛仙阵	3	0	10	1	1	g01_xy_jq_xj_诛仙阵	-1	g01_xy_jq_zdo_诛仙阵_1	-1		-1	0	0	0		10000	500	0	6	6	0	0	0	0	0	效果1	2749	效果2	2684	效果3几率	20	效果3	2572		0		0		0		0		0		0		0		0		0		0		0		0	
902	诛仙阵防	诛仙阵	3	0	20	1	1	g01_xy_jq_xj_诛仙阵	-1	g01_xy_jq_zdo_诛仙阵_1	-1		-1	0	0	0		10000	500	0	6	6	0	0	0	0	0	效果1	2750	效果2	2684	效果3几率	22	效果3	2572		0		0		0		0		0		0		0		0		0		0		0		0	
903	诛仙阵防	诛仙阵	3	0	30	1	1	g01_xy_jq_xj_诛仙阵	-1	g01_xy_jq_zdo_诛仙阵_1	-1		-1	0	0	0		10000	500	0	6	6	0	0	0	0	0	效果1	2751	效果2	2684	效果3几率	24	效果3	2572		0		0		0		0		0		0		0		0		0		0		0		0	
904	诛仙阵防	诛仙阵	3	0	40	1	1	g01_xy_jq_xj_诛仙阵	-1	g01_xy_jq_zdo_诛仙阵_1	-1		-1	0	0	0		10000	500	0	6	6	0	0	0	0	0	效果1	2752	效果2	2684	效果3几率	26	效果3	2572		0		0		0		0		0		0		0		0		0		0		0		0	
905	诛仙阵防	诛仙阵	3	0	50	1	1	g01_xy_jq_xj_诛仙阵	-1	g01_xy_jq_zdo_诛仙阵_1	-1		-1	0	0	0		10000	500	0	6	6	0	0	0	0	0	效果1	2753	效果2	2684	效果3几率	28	效果3	2572		0		0		0		0		0		0		0		0		0		0		0		0	
906	诛仙阵防	诛仙阵	3	0	60	1	1	g01_xy_jq_xj_诛仙阵	-1	g01_xy_jq_zdo_诛仙阵_1	-1		-1	0	0	0		10000	500	0	6	6	0	0	0	0	0	效果1	2754	效果2	2684	效果3几率	30	效果3	2572		0		0		0		0		0		0		0		0		0		0		0		0	
907	诛仙阵防	诛仙阵	3	0	70	1	1	g01_xy_jq_xj_诛仙阵	-1	g01_xy_jq_zdo_诛仙阵_1	-1		-1	0	0	0		10000	500	0	6	6	0	0	0	0	0	效果1	2755	效果2	2684	效果3几率	32	效果3	2572		0		0		0		0		0		0		0		0		0		0		0		0	
908	诛仙阵防	诛仙阵	3	0	80	1	1	g01_xy_jq_xj_诛仙阵	-1	g01_xy_jq_zdo_诛仙阵_1	-1		-1	0	0	0		10000	500	0	6	6	0	0	0	0	0	效果1	2756	效果2	2684	效果3几率	34	效果3	2572		0		0		0		0		0		0		0		0		0		0		0		0	
909	诛仙阵防	诛仙阵	3	0	90	1	1	g01_xy_jq_xj_诛仙阵	-1	g01_xy_jq_zdo_诛仙阵_1	-1		-1	0	0	0		10000	500	0	6	6	0	0	0	0	0	效果1	2757	效果2	2684	效果3几率	36	效果3	2572		0		0		0		0		0		0		0		0		0		0		0		0	
910	诛仙阵防	诛仙阵	3	0	100	1	1	g01_xy_jq_xj_诛仙阵	-1	g01_xy_jq_zdo_诛仙阵_1	-1		-1	0	0	0		10000	500	0	6	6	0	0	0	0	0	效果1	2758	效果2	2684	效果3几率	38	效果3	2572		0		0		0		0		0		0		0		0		0		0		0		0	
911	诛仙阵防	诛仙阵	3	0	110	1	1	g01_xy_jq_xj_诛仙阵	-1	g01_xy_jq_zdo_诛仙阵_1	-1		-1	0	0	0		10000	500	0	6	6	0	0	0	0	0	效果1	2759	效果2	2684	效果3几率	40	效果3	2572		0		0		0		0		0		0		0		0		0		0		0		0	
912	诛仙阵防	诛仙阵	3	0	120	1	1	g01_xy_jq_xj_诛仙阵	-1	g01_xy_jq_zdo_诛仙阵_1	-1		-1	0	0	0		10000	500	0	6	6	0	0	0	0	0	效果1	2760	效果2	2684	效果3几率	42	效果3	2572		0		0		0		0		0		0		0		0		0		0		0		0	
913	诛仙阵防	诛仙阵	3	0	130	1	1	g01_xy_jq_xj_诛仙阵	-1	g01_xy_jq_zdo_诛仙阵_1	-1		-1	0	0	0		10000	500	0	6	6	0	0	0	0	0	效果1	17361	效果2	2684	效果3几率	44	效果3	2572		0		0		0		0		0		0		0		0		0		0		0		0	
914	诛仙阵防	诛仙阵	3	0	140	1	1	g01_xy_jq_xj_诛仙阵	-1	g01_xy_jq_zdo_诛仙阵_1	-1		-1	0	0	0		10000	500	0	6	6	0	0	0	0	0	效果1	17362	效果2	2684	效果3几率	46	效果3	2572		0		0		0		0		0		0		0		0		0		0		0		0	
915	诛仙阵防	诛仙阵	3	0	150	1	1	g01_xy_jq_xj_诛仙阵	-1	g01_xy_jq_zdo_诛仙阵_1	-1		-1	0	0	0		10000	500	0	6	6	0	0	0	0	0	效果1	17363	效果2	2684	效果3几率	48	效果3	2572		0		0		0		0		0		0		0		0		0		0		0		0	
916	诛仙阵防	诛仙阵	3	0	160	1	1	g01_xy_jq_xj_诛仙阵	-1	g01_xy_jq_zdo_诛仙阵_1	-1		-1	0	0	0		10000	500	0	6	6	0	0	0	0	0	效果1	17364	效果2	2684	效果3几率	50	效果3	2572		0		0		0		0		0		0		0		0		0		0		0		0	
1001	诛仙阵攻	诛仙阵	3	0	10	1	1	g01_xy_jq_xj_诛仙阵	-1	g01_xy_jq_zdo_诛仙阵_1	-1		-1	0	0	0		10000	500	0	6	6	0	0	0	0	0	效果1	2749	效果2	2610	效果3几率	100	效果3	2684		0		0		0		0		0		0		0		0		0		0		0		0	
1002	诛仙阵攻	诛仙阵	3	0	20	1	1	g01_xy_jq_xj_诛仙阵	-1	g01_xy_jq_zdo_诛仙阵_1	-1		-1	0	0	0		10000	500	0	6	6	0	0	0	0	0	效果1	2750	效果2	2611	效果3几率	100	效果3	2684		0		0		0		0		0		0		0		0		0		0		0		0	
1003	诛仙阵攻	诛仙阵	3	0	30	1	1	g01_xy_jq_xj_诛仙阵	-1	g01_xy_jq_zdo_诛仙阵_1	-1		-1	0	0	0		10000	500	0	6	6	0	0	0	0	0	效果1	2751	效果2	2612	效果3几率	100	效果3	2684		0		0		0		0		0		0		0		0		0		0		0		0	
1004	诛仙阵攻	诛仙阵	3	0	40	1	1	g01_xy_jq_xj_诛仙阵	-1	g01_xy_jq_zdo_诛仙阵_1	-1		-1	0	0	0		10000	500	0	6	6	0	0	0	0	0	效果1	2752	效果2	2613	效果3几率	100	效果3	2684		0		0		0		0		0		0		0		0		0		0		0		0	
1005	诛仙阵攻	诛仙阵	3	0	50	1	1	g01_xy_jq_xj_诛仙阵	-1	g01_xy_jq_zdo_诛仙阵_1	-1		-1	0	0	0		10000	500	0	6	6	0	0	0	0	0	效果1	2753	效果2	2614	效果3几率	100	效果3	2684		0		0		0		0		0		0		0		0		0		0		0		0	
1006	诛仙阵攻	诛仙阵	3	0	60	1	1	g01_xy_jq_xj_诛仙阵	-1	g01_xy_jq_zdo_诛仙阵_1	-1		-1	0	0	0		10000	500	0	6	6	0	0	0	0	0	效果1	2754	效果2	2615	效果3几率	100	效果3	2684		0		0		0		0		0		0		0		0		0		0		0		0	
1007	诛仙阵攻	诛仙阵	3	0	70	1	1	g01_xy_jq_xj_诛仙阵	-1	g01_xy_jq_zdo_诛仙阵_1	-1		-1	0	0	0		10000	500	0	6	6	0	0	0	0	0	效果1	2755	效果2	2616	效果3几率	100	效果3	2684		0		0		0		0		0		0		0		0		0		0		0		0	
1008	诛仙阵攻	诛仙阵	3	0	80	1	1	g01_xy_jq_xj_诛仙阵	-1	g01_xy_jq_zdo_诛仙阵_1	-1		-1	0	0	0		10000	500	0	6	6	0	0	0	0	0	效果1	2756	效果2	2617	效果3几率	100	效果3	2684		0		0		0		0		0		0		0		0		0		0		0		0	
1009	诛仙阵攻	诛仙阵	3	0	90	1	1	g01_xy_jq_xj_诛仙阵	-1	g01_xy_jq_zdo_诛仙阵_1	-1		-1	0	0	0		10000	500	0	6	6	0	0	0	0	0	效果1	2757	效果2	2618	效果3几率	100	效果3	2684		0		0		0		0		0		0		0		0		0		0		0		0	
1010	诛仙阵攻	诛仙阵	3	0	100	1	1	g01_xy_jq_xj_诛仙阵	-1	g01_xy_jq_zdo_诛仙阵_1	-1		-1	0	0	0		10000	500	0	6	6	0	0	0	0	0	效果1	2758	效果2	2619	效果3几率	100	效果3	2684		0		0		0		0		0		0		0		0		0		0		0		0	
1011	诛仙阵攻	诛仙阵	3	0	110	1	1	g01_xy_jq_xj_诛仙阵	-1	g01_xy_jq_zdo_诛仙阵_1	-1		-1	0	0	0		10000	500	0	6	6	0	0	0	0	0	效果1	2759	效果2	2620	效果3几率	100	效果3	2684		0		0		0		0		0		0		0		0		0		0		0		0	
1012	诛仙阵攻	诛仙阵	3	0	120	1	1	g01_xy_jq_xj_诛仙阵	-1	g01_xy_jq_zdo_诛仙阵_1	-1		-1	0	0	0		10000	500	0	6	6	0	0	0	0	0	效果1	2760	效果2	2621	效果3几率	100	效果3	2684		0		0		0		0		0		0		0		0		0		0		0		0	
1013	诛仙阵攻	诛仙阵	3	0	130	1	1	g01_xy_jq_xj_诛仙阵	-1	g01_xy_jq_zdo_诛仙阵_1	-1		-1	0	0	0		10000	500	0	6	6	0	0	0	0	0	效果1	17361	效果2	17181	效果3几率	100	效果3	2684		0		0		0		0		0		0		0		0		0		0		0		0	
1014	诛仙阵攻	诛仙阵	3	0	140	1	1	g01_xy_jq_xj_诛仙阵	-1	g01_xy_jq_zdo_诛仙阵_1	-1		-1	0	0	0		10000	500	0	6	6	0	0	0	0	0	效果1	17362	效果2	17182	效果3几率	100	效果3	2684		0		0		0		0		0		0		0		0		0		0		0		0	
1015	诛仙阵攻	诛仙阵	3	0	150	1	1	g01_xy_jq_xj_诛仙阵	-1	g01_xy_jq_zdo_诛仙阵_1	-1		-1	0	0	0		10000	500	0	6	6	0	0	0	0	0	效果1	17363	效果2	17183	效果3几率	100	效果3	2684		0		0		0		0		0		0		0		0		0		0		0		0	
1016	诛仙阵攻	诛仙阵	3	0	160	1	1	g01_xy_jq_xj_诛仙阵	-1	g01_xy_jq_zdo_诛仙阵_1	-1		-1	0	0	0		10000	500	0	6	6	0	0	0	0	0	效果1	17364	效果2	17184	效果3几率	100	效果3	2684		0		0		0		0		0		0		0		0		0		0		0		0	
